loc,cases,deaths,date,Region,year
#adm2+name,#affected+infected,#affected+killed,#date,#region,#year
DAGUPAN CITY,0,0,05/01/2020,Region I-ILOCOS REGION,2020
ILOCOS NORTE,0,0,05/01/2020,Region I-ILOCOS REGION,2020
ILOCOS SUR,0,0,05/01/2020,Region I-ILOCOS REGION,2020
LA UNION,1,0,05/01/2020,Region I-ILOCOS REGION,2020
PANGASINAN,12,0,05/01/2020,Region I-ILOCOS REGION,2020
BATANES,0,0,05/01/2020,Region II-CAGAYAN VALLEY,2020
CAGAYAN,13,0,05/01/2020,Region II-CAGAYAN VALLEY,2020
ISABELA,45,0,05/01/2020,Region II-CAGAYAN VALLEY,2020
NUEVA VISCAYA,30,0,05/01/2020,Region II-CAGAYAN VALLEY,2020
QUIRINO,14,0,05/01/2020,Region II-CAGAYAN VALLEY,2020
SANTIAGO CITY,6,1,05/01/2020,Region II-CAGAYAN VALLEY,2020
ANGELES CITY,5,0,05/01/2020,REGION III-CENTRAL LUZON,2020
AURORA,0,0,05/01/2020,REGION III-CENTRAL LUZON,2020
BATAAN,11,0,05/01/2020,REGION III-CENTRAL LUZON,2020
BULACAN,59,1,05/01/2020,REGION III-CENTRAL LUZON,2020
NUEVA ECIJA,90,0,05/01/2020,REGION III-CENTRAL LUZON,2020
OLONGAPO CITY,5,0,05/01/2020,REGION III-CENTRAL LUZON,2020
PAMPANGA,74,0,05/01/2020,REGION III-CENTRAL LUZON,2020
TARLAC,9,0,05/01/2020,REGION III-CENTRAL LUZON,2020
ZAMBALES,5,0,05/01/2020,REGION III-CENTRAL LUZON,2020
BATANGAS,136,1,05/01/2020,REGION IV-A-CALABARZON,2020
CAVITE,312,3,05/01/2020,REGION IV-A-CALABARZON,2020
LAGUNA,179,1,05/01/2020,REGION IV-A-CALABARZON,2020
LUCENA CITY,7,0,05/01/2020,REGION IV-A-CALABARZON,2020
QUEZON,85,0,05/01/2020,REGION IV-A-CALABARZON,2020
RIZAL,194,1,05/01/2020,REGION IV-A-CALABARZON,2020
MARINDUQUE,0,0,05/01/2020,REGION IVB-MIMAROPA,2020
OCCIDENTAL MINDORO,0,0,05/01/2020,REGION IVB-MIMAROPA,2020
ORIENTAL MINDORO,0,0,05/01/2020,REGION IVB-MIMAROPA,2020
PALAWAN,0,0,05/01/2020,REGION IVB-MIMAROPA,2020
PUERTO PRINCESA CITY,0,0,05/01/2020,REGION IVB-MIMAROPA,2020
ROMBLON,1,0,05/01/2020,REGION IVB-MIMAROPA,2020
ALBAY,17,0,05/01/2020,REGION V-BICOL REGION,2020
CAMARINES NORTE,12,0,05/01/2020,REGION V-BICOL REGION,2020
CAMARINES SUR,53,0,05/01/2020,REGION V-BICOL REGION,2020
CATANDUANES,1,0,05/01/2020,REGION V-BICOL REGION,2020
MASBATE,5,0,05/01/2020,REGION V-BICOL REGION,2020
NAGA CITY,13,0,05/01/2020,REGION V-BICOL REGION,2020
SORSOGON,15,0,05/01/2020,REGION V-BICOL REGION,2020
AKLAN,0,0,05/01/2020,REGION VI-WESTERN VISAYAS,2020
ANTIQUE,0,0,05/01/2020,REGION VI-WESTERN VISAYAS,2020
BACOLOD CITY,0,0,05/01/2020,REGION VI-WESTERN VISAYAS,2020
CAPIZ,0,0,05/01/2020,REGION VI-WESTERN VISAYAS,2020
GUIMARAS,0,0,05/01/2020,REGION VI-WESTERN VISAYAS,2020
ILOILO,0,0,05/01/2020,REGION VI-WESTERN VISAYAS,2020
ILOILO CITY,0,0,05/01/2020,REGION VI-WESTERN VISAYAS,2020
NEGROS OCCIDENTAL,0,0,05/01/2020,REGION VI-WESTERN VISAYAS,2020
BOHOL,256,0,05/01/2020,REGION VII-CENTRAL VISAYAS,2020
CEBU,287,3,05/01/2020,REGION VII-CENTRAL VISAYAS,2020
CEBU CITY,122,0,05/01/2020,REGION VII-CENTRAL VISAYAS,2020
LAPU-LAPU CITY,99,0,05/01/2020,REGION VII-CENTRAL VISAYAS,2020
MANDAUE CITY,35,1,05/01/2020,REGION VII-CENTRAL VISAYAS,2020
 NEGROS ORIENTAL,102,0,05/01/2020,REGION VII-CENTRAL VISAYAS,2020
SISQUIJOR,26,0,05/01/2020,REGION VII-CENTRAL VISAYAS,2020
BILIRAN,0,0,05/01/2020,REGION VII-EASTERN VISAYAS,2020
EASTERN SAMAR,0,0,05/01/2020,REGION VII-EASTERN VISAYAS,2020
LEYTE,18,1,05/01/2020,REGION VII-EASTERN VISAYAS,2020
NORTHERN SAMAR,1,0,05/01/2020,REGION VII-EASTERN VISAYAS,2020
ORMOC CITY,0,0,05/01/2020,REGION VII-EASTERN VISAYAS,2020
SAMAR,7,0,05/01/2020,REGION VII-EASTERN VISAYAS,2020
SOUTHERN LEYTE,0,0,05/01/2020,REGION VII-EASTERN VISAYAS,2020
TACLOBAN,0,0,05/01/2020,REGION VII-EASTERN VISAYAS,2020
ISABELA CITY,3,0,05/01/2020,REGION IX-ZAMBOANGA PENINSULA,2020
ZAMBOANGA CITY,30,0,05/01/2020,REGION IX-ZAMBOANGA PENINSULA,2020
ZAMBOANGA DEL NORTE,46,0,05/01/2020,REGION IX-ZAMBOANGA PENINSULA,2020
ZAMBOANGA DEL SUR,19,0,05/01/2020,REGION IX-ZAMBOANGA PENINSULA,2020
ZAMBOANGA SIBUGAY,22,0,05/01/2020,REGION IX-ZAMBOANGA PENINSULA,2020
BUKIDNON,11,0,05/01/2020,REGION X-NORTHERN MINDANAO,2020
 CAGAYAN DE ORO CITY,19,0,05/01/2020,REGION X-NORTHERN MINDANAO,2020
CAMIGUIN,5,0,05/01/2020,REGION X-NORTHERN MINDANAO,2020
ILIGAN CITY,6,0,05/01/2020,REGION X-NORTHERN MINDANAO,2020
LANAO DEL NORTE,17,0,05/01/2020,REGION X-NORTHERN MINDANAO,2020
MISAMIS OCCIDENTAL,12,0,05/01/2020,REGION X-NORTHERN MINDANAO,2020
MISAMIS ORIENTAL,10,0,05/01/2020,REGION X-NORTHERN MINDANAO,2020
DAVAO CITY,1,0,05/01/2020,REGION XI-DAVAO REGION,2020
DAVAO DE ORO,0,0,05/01/2020,REGION XI-DAVAO REGION,2020
DAVAO DEL NORTE,2,0,05/01/2020,REGION XI-DAVAO REGION,2020
DAVAO DEL SUR,0,0,05/01/2020,REGION XI-DAVAO REGION,2020
DAVAO OCCIDENTAL,0,0,05/01/2020,REGION XI-DAVAO REGION,2020
DAVAO ORIENTAL,0,0,05/01/2020,REGION XI-DAVAO REGION,2020
COTABATO CITY,0,0,05/01/2020,REGION XII-SOCCSKSARGEN,2020
GENERAL SANTOS CITY,0,0,05/01/2020,REGION XII-SOCCSKSARGEN,2020
NORTH COTABATO,0,0,05/01/2020,REGION XII-SOCCSKSARGEN,2020
SARANGANI,0,0,05/01/2020,REGION XII-SOCCSKSARGEN,2020
SOUTH COTABATO,0,0,05/01/2020,REGION XII-SOCCSKSARGEN,2020
SULTAN KUDARAT,0,0,05/01/2020,REGION XII-SOCCSKSARGEN,2020
BASILAN,3,0,05/01/2020,BARMM,2020
LANAO DEL SUR,34,0,05/01/2020,BARMM,2020
MAGUINDANAO,13,0,05/01/2020,BARMM,2020
SULU,4,0,05/01/2020,BARMM,2020
TAWI-TAWI,2,0,05/01/2020,BARMM,2020
ABRA,4,0,05/01/2020,CAR,2020
APAYAO,7,0,05/01/2020,CAR,2020
BAGUIO CITY,8,0,05/01/2020,CAR,2020
BENGUET,24,0,05/01/2020,CAR,2020
IFUGAO,11,0,05/01/2020,CAR,2020
KALINGA,15,0,05/01/2020,CAR,2020
MOUNTAIN PROVINCE,1,0,05/01/2020,CAR,2020
AGUSAN DEL NORTE,21,1,05/01/2020,CARAGA,2020
AGUSAN DEL SUR,49,0,05/01/2020,CARAGA,2020
BASILIG CITY,15,0,05/01/2020,CARAGA,2020
BAYUGAN CITY,6,0,05/01/2020,CARAGA,2020
BUTUAN CITY,19,0,05/01/2020,CARAGA,2020
CABADBARAN CITY,8,0,05/01/2020,CARAGA,2020
DINAGAT ISLANDS,21,1,05/01/2020,CARAGA,2020
SURIGAO CITY,34,1,05/01/2020,CARAGA,2020
SURIGAO DEL NORTE,60,0,05/01/2020,CARAGA,2020
SURIGAO DEL SUR,41,0,05/01/2020,CARAGA,2020
TANDAG CITY,8,0,05/01/2020,CARAGA,2020
CALOOCAN CITY,10,0,05/01/2020,NATIONAL CAPITAL REGION,2020
LAS PINAS CITY,1,0,05/01/2020,NATIONAL CAPITAL REGION,2020
MALABON CITY,1,0,05/01/2020,NATIONAL CAPITAL REGION,2020
MAKATI CITY,11,0,05/01/2020,NATIONAL CAPITAL REGION,2020
MANDALUYONG CITY,2,0,05/01/2020,NATIONAL CAPITAL REGION,2020
MANILA CITY,11,0,05/01/2020,NATIONAL CAPITAL REGION,2020
MARIKINA CITY,11,0,05/01/2020,NATIONAL CAPITAL REGION,2020
MUNTINLUPA CITY,6,0,05/01/2020,NATIONAL CAPITAL REGION,2020
NAVOTAS CITY,6,0,05/01/2020,NATIONAL CAPITAL REGION,2020
PARANAQUE CITY,5,0,05/01/2020,NATIONAL CAPITAL REGION,2020
PASAY CITY,2,0,05/01/2020,NATIONAL CAPITAL REGION,2020
PASIG CITY,13,0,05/01/2020,NATIONAL CAPITAL REGION,2020
PATEROS,2,0,05/01/2020,NATIONAL CAPITAL REGION,2020
QUEZON CITY,16,0,05/01/2020,NATIONAL CAPITAL REGION,2020
SAN JUAN CITY,0,0,05/01/2020,NATIONAL CAPITAL REGION,2020
TAGUIG CITY,27,0,05/01/2020,NATIONAL CAPITAL REGION,2020
VALENZUELA CITY,10,0,05/01/2020,NATIONAL CAPITAL REGION,2020
ALBAY,6,0,12/01/2020,REGION V-BICOL REGION,2020
ALBAY,13,0,19/01/2020,REGION V-BICOL REGION,2020
ALBAY,12,1,26/01/2020,REGION V-BICOL REGION,2020
ALBAY,11,0,02/02/2020,REGION V-BICOL REGION,2020
ALBAY,11,0,09/02/2020,REGION V-BICOL REGION,2020
ALBAY,15,1,16/02/2020,REGION V-BICOL REGION,2020
ALBAY,8,0,23/02/2020,REGION V-BICOL REGION,2020
ALBAY,7,0,01/03/2020,REGION V-BICOL REGION,2020
ALBAY,7,0,08/03/2020,REGION V-BICOL REGION,2020
ALBAY,7,0,15/03/2020,REGION V-BICOL REGION,2020
ALBAY,8,1,22/03/2020,REGION V-BICOL REGION,2020
ALBAY,2,0,29/03/2020,REGION V-BICOL REGION,2020
ALBAY,2,0,05/04/2020,REGION V-BICOL REGION,2020
ALBAY,2,1,12/04/2020,REGION V-BICOL REGION,2020
ALBAY,1,0,19/04/2020,REGION V-BICOL REGION,2020
ALBAY,1,0,26/04/2020,REGION V-BICOL REGION,2020
ALBAY,0,0,03/05/2020,REGION V-BICOL REGION,2020
ALBAY,0,0,10/05/2020,REGION V-BICOL REGION,2020
ALBAY,0,0,17/05/2020,REGION V-BICOL REGION,2020
ALBAY,0,0,24/05/2020,REGION V-BICOL REGION,2020
ALBAY,0,0,31/05/2020,REGION V-BICOL REGION,2020
ALBAY,0,0,07/06/2020,REGION V-BICOL REGION,2020
ALBAY,1,0,14/06/2020,REGION V-BICOL REGION,2020
ALBAY,0,0,21/06/2020,REGION V-BICOL REGION,2020
ALBAY,0,0,28/06/2020,REGION V-BICOL REGION,2020
ALBAY,1,0,05/07/2020,REGION V-BICOL REGION,2020
ALBAY,0,0,12/07/2020,REGION V-BICOL REGION,2020
ALBAY,0,0,19/07/2020,REGION V-BICOL REGION,2020
ALBAY,0,0,26/07/2020,REGION V-BICOL REGION,2020
ALBAY,0,0,02/08/2020,REGION V-BICOL REGION,2020
ALBAY,0,0,09/08/2020,REGION V-BICOL REGION,2020
ALBAY,0,0,16/08/2020,REGION V-BICOL REGION,2020
ALBAY,1,0,23/08/2020,REGION V-BICOL REGION,2020
ALBAY,0,0,30/08/2020,REGION V-BICOL REGION,2020
ALBAY,1,0,06/09/2020,REGION V-BICOL REGION,2020
ALBAY,0,0,13/09/2020,REGION V-BICOL REGION,2020
ALBAY,1,0,20/09/2020,REGION V-BICOL REGION,2020
ALBAY,1,0,27/09/2020,REGION V-BICOL REGION,2020
ALBAY,0,0,04/10/2020,REGION V-BICOL REGION,2020
ALBAY,0,0,11/10/2020,REGION V-BICOL REGION,2020
ALBAY,0,0,18/10/2020,REGION V-BICOL REGION,2020
ALBAY,0,0,25/10/2020,REGION V-BICOL REGION,2020
ALBAY,0,0,01/11/2020,REGION V-BICOL REGION,2020
ALBAY,0,0,08/11/2020,REGION V-BICOL REGION,2020
ALBAY,0,0,15/11/2020,REGION V-BICOL REGION,2020
ALBAY,1,0,22/11/2020,REGION V-BICOL REGION,2020
ALBAY,2,0,29/11/2020,REGION V-BICOL REGION,2020
ALBAY,2,0,06/12/2020,REGION V-BICOL REGION,2020
ALBAY,0,0,13/12/2020,REGION V-BICOL REGION,2020
ALBAY,0,0,20/12/2020,REGION V-BICOL REGION,2020
ALBAY,2,0,27/12/2020,REGION V-BICOL REGION,2020
ANGELES CITY,5,0,06/09/2020,REGION III-CENTRAL LUZON,2020
ANGELES CITY,9,0,13/09/2020,REGION III-CENTRAL LUZON,2020
ANGELES CITY,9,1,20/09/2020,REGION III-CENTRAL LUZON,2020
ANGELES CITY,10,0,27/09/2020,REGION III-CENTRAL LUZON,2020
ANGELES CITY,9,0,04/10/2020,REGION III-CENTRAL LUZON,2020
ANGELES CITY,4,0,11/10/2020,REGION III-CENTRAL LUZON,2020
ANGELES CITY,7,0,18/10/2020,REGION III-CENTRAL LUZON,2020
ANGELES CITY,7,0,25/10/2020,REGION III-CENTRAL LUZON,2020
ANGELES CITY,3,0,01/11/2020,REGION III-CENTRAL LUZON,2020
ANGELES CITY,3,0,08/11/2020,REGION III-CENTRAL LUZON,2020
ANGELES CITY,3,0,15/11/2020,REGION III-CENTRAL LUZON,2020
ANGELES CITY,4,0,22/11/2020,REGION III-CENTRAL LUZON,2020
ANGELES CITY,7,0,29/11/2020,REGION III-CENTRAL LUZON,2020
ANGELES CITY,5,0,06/12/2020,REGION III-CENTRAL LUZON,2020
ANGELES CITY,11,0,13/12/2020,REGION III-CENTRAL LUZON,2020
ANGELES CITY,24,0,20/12/2020,REGION III-CENTRAL LUZON,2020
ANGELES CITY,11,0,27/12/2020,REGION III-CENTRAL LUZON,2020
ANGELES CITY,30,0,12/01/2020,REGION III-CENTRAL LUZON,2020
ANGELES CITY,43,0,19/01/2020,REGION III-CENTRAL LUZON,2020
ANGELES CITY,34,0,26/01/2020,REGION III-CENTRAL LUZON,2020
ANGELES CITY,31,0,02/02/2020,REGION III-CENTRAL LUZON,2020
ANGELES CITY,23,0,09/02/2020,REGION III-CENTRAL LUZON,2020
ANGELES CITY,19,0,16/02/2020,REGION III-CENTRAL LUZON,2020
ANGELES CITY,17,0,23/02/2020,REGION III-CENTRAL LUZON,2020
ANGELES CITY,4,0,01/03/2020,REGION III-CENTRAL LUZON,2020
ANGELES CITY,21,0,08/03/2020,REGION III-CENTRAL LUZON,2020
ANGELES CITY,8,0,15/03/2020,REGION III-CENTRAL LUZON,2020
ANGELES CITY,1,0,22/03/2020,REGION III-CENTRAL LUZON,2020
ANGELES CITY,3,0,29/03/2020,REGION III-CENTRAL LUZON,2020
ANGELES CITY,0,0,05/04/2020,REGION III-CENTRAL LUZON,2020
ANGELES CITY,1,0,12/04/2020,REGION III-CENTRAL LUZON,2020
ANGELES CITY,0,0,19/04/2020,REGION III-CENTRAL LUZON,2020
ANGELES CITY,0,0,26/04/2020,REGION III-CENTRAL LUZON,2020
ANGELES CITY,0,0,03/05/2020,REGION III-CENTRAL LUZON,2020
ANGELES CITY,0,0,10/05/2020,REGION III-CENTRAL LUZON,2020
ANGELES CITY,0,0,17/05/2020,REGION III-CENTRAL LUZON,2020
ANGELES CITY,0,0,24/05/2020,REGION III-CENTRAL LUZON,2020
ANGELES CITY,1,0,31/05/2020,REGION III-CENTRAL LUZON,2020
ANGELES CITY,0,0,07/06/2020,REGION III-CENTRAL LUZON,2020
ANGELES CITY,2,0,14/06/2020,REGION III-CENTRAL LUZON,2020
ANGELES CITY,0,0,21/06/2020,REGION III-CENTRAL LUZON,2020
ANGELES CITY,0,0,28/06/2020,REGION III-CENTRAL LUZON,2020
ANGELES CITY,2,0,05/07/2020,REGION III-CENTRAL LUZON,2020
ANGELES CITY,1,0,12/07/2020,REGION III-CENTRAL LUZON,2020
ANGELES CITY,1,0,19/07/2020,REGION III-CENTRAL LUZON,2020
ANGELES CITY,3,0,26/07/2020,REGION III-CENTRAL LUZON,2020
ANGELES CITY,3,0,02/08/2020,REGION III-CENTRAL LUZON,2020
ANGELES CITY,0,0,09/08/2020,REGION III-CENTRAL LUZON,2020
ANGELES CITY,0,0,16/08/2020,REGION III-CENTRAL LUZON,2020
ANGELES CITY,3,0,23/08/2020,REGION III-CENTRAL LUZON,2020
ANGELES CITY,0,0,30/08/2020,REGION III-CENTRAL LUZON,2020
AURORA,7,0,12/01/2020,REGION III-CENTRAL LUZON,2020
AURORA,6,0,19/01/2020,REGION III-CENTRAL LUZON,2020
AURORA,11,0,26/01/2020,REGION III-CENTRAL LUZON,2020
AURORA,8,0,02/02/2020,REGION III-CENTRAL LUZON,2020
AURORA,7,0,09/02/2020,REGION III-CENTRAL LUZON,2020
AURORA,1,0,16/02/2020,REGION III-CENTRAL LUZON,2020
AURORA,4,0,23/02/2020,REGION III-CENTRAL LUZON,2020
AURORA,5,0,01/03/2020,REGION III-CENTRAL LUZON,2020
AURORA,5,0,08/03/2020,REGION III-CENTRAL LUZON,2020
AURORA,3,0,15/03/2020,REGION III-CENTRAL LUZON,2020
AURORA,5,0,22/03/2020,REGION III-CENTRAL LUZON,2020
AURORA,3,0,29/03/2020,REGION III-CENTRAL LUZON,2020
AURORA,2,0,05/04/2020,REGION III-CENTRAL LUZON,2020
AURORA,1,0,12/04/2020,REGION III-CENTRAL LUZON,2020
AURORA,2,0,19/04/2020,REGION III-CENTRAL LUZON,2020
AURORA,0,0,26/04/2020,REGION III-CENTRAL LUZON,2020
AURORA,0,0,03/05/2020,REGION III-CENTRAL LUZON,2020
AURORA,3,0,10/05/2020,REGION III-CENTRAL LUZON,2020
AURORA,1,0,17/05/2020,REGION III-CENTRAL LUZON,2020
AURORA,0,0,24/05/2020,REGION III-CENTRAL LUZON,2020
AURORA,2,0,31/05/2020,REGION III-CENTRAL LUZON,2020
AURORA,1,0,07/06/2020,REGION III-CENTRAL LUZON,2020
AURORA,12,0,14/06/2020,REGION III-CENTRAL LUZON,2020
AURORA,5,0,21/06/2020,REGION III-CENTRAL LUZON,2020
AURORA,3,0,28/06/2020,REGION III-CENTRAL LUZON,2020
AURORA,9,0,05/07/2020,REGION III-CENTRAL LUZON,2020
AURORA,4,0,12/07/2020,REGION III-CENTRAL LUZON,2020
AURORA,5,0,19/07/2020,REGION III-CENTRAL LUZON,2020
AURORA,7,0,26/07/2020,REGION III-CENTRAL LUZON,2020
AURORA,15,0,02/08/2020,REGION III-CENTRAL LUZON,2020
AURORA,5,0,09/08/2020,REGION III-CENTRAL LUZON,2020
AURORA,19,0,16/08/2020,REGION III-CENTRAL LUZON,2020
AURORA,11,0,23/08/2020,REGION III-CENTRAL LUZON,2020
AURORA,10,0,30/08/2020,REGION III-CENTRAL LUZON,2020
AURORA,3,0,06/09/2020,REGION III-CENTRAL LUZON,2020
AURORA,5,0,13/09/2020,REGION III-CENTRAL LUZON,2020
AURORA,2,0,20/09/2020,REGION III-CENTRAL LUZON,2020
AURORA,0,0,27/09/2020,REGION III-CENTRAL LUZON,2020
AURORA,4,0,04/10/2020,REGION III-CENTRAL LUZON,2020
AURORA,3,0,11/10/2020,REGION III-CENTRAL LUZON,2020
AURORA,2,0,18/10/2020,REGION III-CENTRAL LUZON,2020
AURORA,1,0,25/10/2020,REGION III-CENTRAL LUZON,2020
AURORA,0,0,01/11/2020,REGION III-CENTRAL LUZON,2020
AURORA,0,0,08/11/2020,REGION III-CENTRAL LUZON,2020
AURORA,6,0,15/11/2020,REGION III-CENTRAL LUZON,2020
AURORA,0,0,22/11/2020,REGION III-CENTRAL LUZON,2020
AURORA,2,0,29/11/2020,REGION III-CENTRAL LUZON,2020
AURORA,2,0,06/12/2020,REGION III-CENTRAL LUZON,2020
AURORA,2,0,13/12/2020,REGION III-CENTRAL LUZON,2020
AURORA,1,0,20/12/2020,REGION III-CENTRAL LUZON,2020
AURORA,0,0,27/12/2020,REGION III-CENTRAL LUZON,2020
BATAAN,33,0,12/01/2020,REGION III-CENTRAL LUZON,2020
BATAAN,86,0,19/01/2020,REGION III-CENTRAL LUZON,2020
BATAAN,59,0,26/01/2020,REGION III-CENTRAL LUZON,2020
BATAAN,70,0,02/02/2020,REGION III-CENTRAL LUZON,2020
BATAAN,56,0,09/02/2020,REGION III-CENTRAL LUZON,2020
BATAAN,30,0,16/02/2020,REGION III-CENTRAL LUZON,2020
BATAAN,51,0,23/02/2020,REGION III-CENTRAL LUZON,2020
BATAAN,42,0,01/03/2020,REGION III-CENTRAL LUZON,2020
BATAAN,40,0,08/03/2020,REGION III-CENTRAL LUZON,2020
BATAAN,36,0,15/03/2020,REGION III-CENTRAL LUZON,2020
BATAAN,15,0,22/03/2020,REGION III-CENTRAL LUZON,2020
BATAAN,9,0,29/03/2020,REGION III-CENTRAL LUZON,2020
BATAAN,5,0,05/04/2020,REGION III-CENTRAL LUZON,2020
BATAAN,12,0,12/04/2020,REGION III-CENTRAL LUZON,2020
BATAAN,5,0,19/04/2020,REGION III-CENTRAL LUZON,2020
BATAAN,5,0,26/04/2020,REGION III-CENTRAL LUZON,2020
BATAAN,8,0,03/05/2020,REGION III-CENTRAL LUZON,2020
BATAAN,6,0,10/05/2020,REGION III-CENTRAL LUZON,2020
BATAAN,9,0,17/05/2020,REGION III-CENTRAL LUZON,2020
BATAAN,0,0,24/05/2020,REGION III-CENTRAL LUZON,2020
BATAAN,6,0,31/05/2020,REGION III-CENTRAL LUZON,2020
BATAAN,7,0,07/06/2020,REGION III-CENTRAL LUZON,2020
BATAAN,7,0,14/06/2020,REGION III-CENTRAL LUZON,2020
BATAAN,9,0,21/06/2020,REGION III-CENTRAL LUZON,2020
BATAAN,9,0,28/06/2020,REGION III-CENTRAL LUZON,2020
BATAAN,14,0,05/07/2020,REGION III-CENTRAL LUZON,2020
BATAAN,10,0,12/07/2020,REGION III-CENTRAL LUZON,2020
BATAAN,22,1,19/07/2020,REGION III-CENTRAL LUZON,2020
BATAAN,22,1,26/07/2020,REGION III-CENTRAL LUZON,2020
BATAAN,24,0,02/08/2020,REGION III-CENTRAL LUZON,2020
BATAAN,24,0,09/08/2020,REGION III-CENTRAL LUZON,2020
BATAAN,19,0,16/08/2020,REGION III-CENTRAL LUZON,2020
BATAAN,10,0,23/08/2020,REGION III-CENTRAL LUZON,2020
BATAAN,7,0,30/08/2020,REGION III-CENTRAL LUZON,2020
BATAAN,10,0,06/09/2020,REGION III-CENTRAL LUZON,2020
BATAAN,9,0,13/09/2020,REGION III-CENTRAL LUZON,2020
BATAAN,9,0,20/09/2020,REGION III-CENTRAL LUZON,2020
BATAAN,7,0,27/09/2020,REGION III-CENTRAL LUZON,2020
BATAAN,10,0,04/10/2020,REGION III-CENTRAL LUZON,2020
BATAAN,11,0,11/10/2020,REGION III-CENTRAL LUZON,2020
BATAAN,15,0,18/10/2020,REGION III-CENTRAL LUZON,2020
BATAAN,8,0,25/10/2020,REGION III-CENTRAL LUZON,2020
BATAAN,10,0,01/11/2020,REGION III-CENTRAL LUZON,2020
BATAAN,13,0,08/11/2020,REGION III-CENTRAL LUZON,2020
BATAAN,8,0,15/11/2020,REGION III-CENTRAL LUZON,2020
BATAAN,18,0,22/11/2020,REGION III-CENTRAL LUZON,2020
BATAAN,21,0,29/11/2020,REGION III-CENTRAL LUZON,2020
BATAAN,22,0,06/12/2020,REGION III-CENTRAL LUZON,2020
BATAAN,15,0,13/12/2020,REGION III-CENTRAL LUZON,2020
BATAAN,15,0,20/12/2020,REGION III-CENTRAL LUZON,2020
BATAAN,28,0,27/12/2020,REGION III-CENTRAL LUZON,2020
BATANES,1,0,12/01/2020,Region II-CAGAYAN VALLEY,2020
BATANES,0,0,19/01/2020,Region II-CAGAYAN VALLEY,2020
BATANES,0,0,26/01/2020,Region II-CAGAYAN VALLEY,2020
BATANES,0,0,02/02/2020,Region II-CAGAYAN VALLEY,2020
BATANES,0,0,09/02/2020,Region II-CAGAYAN VALLEY,2020
BATANES,0,0,16/02/2020,Region II-CAGAYAN VALLEY,2020
BATANES,0,0,23/02/2020,Region II-CAGAYAN VALLEY,2020
BATANES,0,0,01/03/2020,Region II-CAGAYAN VALLEY,2020
BATANES,4,0,08/03/2020,Region II-CAGAYAN VALLEY,2020
BATANES,1,0,15/03/2020,Region II-CAGAYAN VALLEY,2020
BATANES,0,0,22/03/2020,Region II-CAGAYAN VALLEY,2020
BATANES,0,0,29/03/2020,Region II-CAGAYAN VALLEY,2020
BATANES,0,0,05/04/2020,Region II-CAGAYAN VALLEY,2020
BATANES,0,0,12/04/2020,Region II-CAGAYAN VALLEY,2020
BATANES,0,0,19/04/2020,Region II-CAGAYAN VALLEY,2020
BATANES,0,0,26/04/2020,Region II-CAGAYAN VALLEY,2020
BATANES,0,0,03/05/2020,Region II-CAGAYAN VALLEY,2020
BATANES,0,0,10/05/2020,Region II-CAGAYAN VALLEY,2020
BATANES,0,0,17/05/2020,Region II-CAGAYAN VALLEY,2020
BATANES,0,0,24/05/2020,Region II-CAGAYAN VALLEY,2020
BATANES,0,0,31/05/2020,Region II-CAGAYAN VALLEY,2020
BATANES,0,0,07/06/2020,Region II-CAGAYAN VALLEY,2020
BATANES,0,0,14/06/2020,Region II-CAGAYAN VALLEY,2020
BATANES,0,0,21/06/2020,Region II-CAGAYAN VALLEY,2020
BATANES,0,0,28/06/2020,Region II-CAGAYAN VALLEY,2020
BATANES,0,0,05/07/2020,Region II-CAGAYAN VALLEY,2020
BATANES,0,0,12/07/2020,Region II-CAGAYAN VALLEY,2020
BATANES,0,0,19/07/2020,Region II-CAGAYAN VALLEY,2020
BATANES,0,0,26/07/2020,Region II-CAGAYAN VALLEY,2020
BATANES,0,0,02/08/2020,Region II-CAGAYAN VALLEY,2020
BATANES,0,0,09/08/2020,Region II-CAGAYAN VALLEY,2020
BATANES,0,0,16/08/2020,Region II-CAGAYAN VALLEY,2020
BATANES,0,0,23/08/2020,Region II-CAGAYAN VALLEY,2020
BATANES,0,0,30/08/2020,Region II-CAGAYAN VALLEY,2020
BATANES,0,0,06/09/2020,Region II-CAGAYAN VALLEY,2020
BATANES,0,0,13/09/2020,Region II-CAGAYAN VALLEY,2020
BATANES,1,0,20/09/2020,Region II-CAGAYAN VALLEY,2020
BATANES,0,0,27/09/2020,Region II-CAGAYAN VALLEY,2020
BATANES,1,0,04/10/2020,Region II-CAGAYAN VALLEY,2020
BATANES,0,0,11/10/2020,Region II-CAGAYAN VALLEY,2020
BATANES,1,0,18/10/2020,Region II-CAGAYAN VALLEY,2020
BATANES,1,0,25/10/2020,Region II-CAGAYAN VALLEY,2020
BATANES,0,0,01/11/2020,Region II-CAGAYAN VALLEY,2020
BATANES,0,0,08/11/2020,Region II-CAGAYAN VALLEY,2020
BATANES,0,0,15/11/2020,Region II-CAGAYAN VALLEY,2020
BATANES,0,0,22/11/2020,Region II-CAGAYAN VALLEY,2020
BATANES,0,0,29/11/2020,Region II-CAGAYAN VALLEY,2020
BATANES,0,0,06/12/2020,Region II-CAGAYAN VALLEY,2020
BATANES,0,0,13/12/2020,Region II-CAGAYAN VALLEY,2020
BATANES,0,0,20/12/2020,Region II-CAGAYAN VALLEY,2020
BATANES,0,0,27/12/2020,Region II-CAGAYAN VALLEY,2020
BATANGAS,56,0,12/01/2020,REGION IV-A-CALABARZON,2020
BATANGAS,148,0,19/01/2020,REGION IV-A-CALABARZON,2020
BATANGAS,104,0,26/01/2020,REGION IV-A-CALABARZON,2020
BATANGAS,109,0,02/02/2020,REGION IV-A-CALABARZON,2020
BATANGAS,103,0,09/02/2020,REGION IV-A-CALABARZON,2020
BATANGAS,90,0,16/02/2020,REGION IV-A-CALABARZON,2020
BATANGAS,59,1,23/02/2020,REGION IV-A-CALABARZON,2020
BATANGAS,54,0,01/03/2020,REGION IV-A-CALABARZON,2020
BATANGAS,47,0,08/03/2020,REGION IV-A-CALABARZON,2020
BATANGAS,46,0,15/03/2020,REGION IV-A-CALABARZON,2020
BATANGAS,36,0,22/03/2020,REGION IV-A-CALABARZON,2020
BATANGAS,6,0,29/03/2020,REGION IV-A-CALABARZON,2020
BATANGAS,2,0,05/04/2020,REGION IV-A-CALABARZON,2020
BATANGAS,1,0,12/04/2020,REGION IV-A-CALABARZON,2020
BATANGAS,4,0,19/04/2020,REGION IV-A-CALABARZON,2020
BATANGAS,6,0,26/04/2020,REGION IV-A-CALABARZON,2020
BATANGAS,1,0,03/05/2020,REGION IV-A-CALABARZON,2020
BATANGAS,0,0,10/05/2020,REGION IV-A-CALABARZON,2020
BATANGAS,2,1,17/05/2020,REGION IV-A-CALABARZON,2020
BATANGAS,3,0,24/05/2020,REGION IV-A-CALABARZON,2020
BATANGAS,0,0,31/05/2020,REGION IV-A-CALABARZON,2020
BATANGAS,5,0,07/06/2020,REGION IV-A-CALABARZON,2020
BATANGAS,1,0,14/06/2020,REGION IV-A-CALABARZON,2020
BATANGAS,6,0,21/06/2020,REGION IV-A-CALABARZON,2020
BATANGAS,3,0,28/06/2020,REGION IV-A-CALABARZON,2020
BATANGAS,6,0,05/07/2020,REGION IV-A-CALABARZON,2020
BATANGAS,7,0,12/07/2020,REGION IV-A-CALABARZON,2020
BATANGAS,6,0,19/07/2020,REGION IV-A-CALABARZON,2020
BATANGAS,7,0,26/07/2020,REGION IV-A-CALABARZON,2020
BATANGAS,9,0,02/08/2020,REGION IV-A-CALABARZON,2020
BATANGAS,16,0,09/08/2020,REGION IV-A-CALABARZON,2020
BATANGAS,5,1,16/08/2020,REGION IV-A-CALABARZON,2020
BATANGAS,6,0,23/08/2020,REGION IV-A-CALABARZON,2020
BATANGAS,7,0,30/08/2020,REGION IV-A-CALABARZON,2020
BATANGAS,10,0,06/09/2020,REGION IV-A-CALABARZON,2020
BATANGAS,9,0,13/09/2020,REGION IV-A-CALABARZON,2020
BATANGAS,8,0,20/09/2020,REGION IV-A-CALABARZON,2020
BATANGAS,5,0,27/09/2020,REGION IV-A-CALABARZON,2020
BATANGAS,11,0,04/10/2020,REGION IV-A-CALABARZON,2020
BATANGAS,6,0,11/10/2020,REGION IV-A-CALABARZON,2020
BATANGAS,13,0,18/10/2020,REGION IV-A-CALABARZON,2020
BATANGAS,7,0,25/10/2020,REGION IV-A-CALABARZON,2020
BATANGAS,9,0,01/11/2020,REGION IV-A-CALABARZON,2020
BATANGAS,12,1,08/11/2020,REGION IV-A-CALABARZON,2020
BATANGAS,12,0,15/11/2020,REGION IV-A-CALABARZON,2020
BATANGAS,13,0,22/11/2020,REGION IV-A-CALABARZON,2020
BATANGAS,12,0,29/11/2020,REGION IV-A-CALABARZON,2020
BATANGAS,10,0,06/12/2020,REGION IV-A-CALABARZON,2020
BATANGAS,12,1,13/12/2020,REGION IV-A-CALABARZON,2020
BATANGAS,13,0,20/12/2020,REGION IV-A-CALABARZON,2020
BATANGAS,12,0,27/12/2020,REGION IV-A-CALABARZON,2020
BULACAN,143,0,12/01/2020,REGION III-CENTRAL LUZON,2020
BULACAN,226,1,19/01/2020,REGION III-CENTRAL LUZON,2020
BULACAN,175,1,26/01/2020,REGION III-CENTRAL LUZON,2020
BULACAN,212,2,02/02/2020,REGION III-CENTRAL LUZON,2020
BULACAN,225,2,09/02/2020,REGION III-CENTRAL LUZON,2020
BULACAN,142,1,16/02/2020,REGION III-CENTRAL LUZON,2020
BULACAN,120,0,23/02/2020,REGION III-CENTRAL LUZON,2020
BULACAN,124,0,01/03/2020,REGION III-CENTRAL LUZON,2020
BULACAN,95,0,08/03/2020,REGION III-CENTRAL LUZON,2020
BULACAN,108,0,15/03/2020,REGION III-CENTRAL LUZON,2020
BULACAN,46,1,22/03/2020,REGION III-CENTRAL LUZON,2020
BULACAN,28,0,29/03/2020,REGION III-CENTRAL LUZON,2020
BULACAN,16,0,05/04/2020,REGION III-CENTRAL LUZON,2020
BULACAN,17,0,12/04/2020,REGION III-CENTRAL LUZON,2020
BULACAN,10,0,19/04/2020,REGION III-CENTRAL LUZON,2020
BULACAN,15,0,26/04/2020,REGION III-CENTRAL LUZON,2020
BULACAN,7,0,03/05/2020,REGION III-CENTRAL LUZON,2020
BULACAN,15,0,10/05/2020,REGION III-CENTRAL LUZON,2020
BULACAN,9,0,17/05/2020,REGION III-CENTRAL LUZON,2020
BULACAN,10,0,24/05/2020,REGION III-CENTRAL LUZON,2020
BULACAN,10,0,31/05/2020,REGION III-CENTRAL LUZON,2020
BULACAN,9,0,07/06/2020,REGION III-CENTRAL LUZON,2020
BULACAN,10,0,14/06/2020,REGION III-CENTRAL LUZON,2020
BULACAN,17,2,21/06/2020,REGION III-CENTRAL LUZON,2020
BULACAN,28,1,28/06/2020,REGION III-CENTRAL LUZON,2020
BULACAN,36,1,05/07/2020,REGION III-CENTRAL LUZON,2020
BULACAN,55,0,12/07/2020,REGION III-CENTRAL LUZON,2020
BULACAN,55,1,19/07/2020,REGION III-CENTRAL LUZON,2020
BULACAN,63,0,26/07/2020,REGION III-CENTRAL LUZON,2020
BULACAN,67,0,02/08/2020,REGION III-CENTRAL LUZON,2020
BULACAN,76,1,09/08/2020,REGION III-CENTRAL LUZON,2020
BULACAN,94,0,16/08/2020,REGION III-CENTRAL LUZON,2020
BULACAN,76,0,23/08/2020,REGION III-CENTRAL LUZON,2020
BULACAN,74,0,30/08/2020,REGION III-CENTRAL LUZON,2020
BULACAN,94,0,06/09/2020,REGION III-CENTRAL LUZON,2020
BULACAN,97,0,13/09/2020,REGION III-CENTRAL LUZON,2020
BULACAN,71,0,20/09/2020,REGION III-CENTRAL LUZON,2020
BULACAN,60,0,27/09/2020,REGION III-CENTRAL LUZON,2020
BULACAN,38,0,04/10/2020,REGION III-CENTRAL LUZON,2020
BULACAN,60,0,11/10/2020,REGION III-CENTRAL LUZON,2020
BULACAN,52,1,18/10/2020,REGION III-CENTRAL LUZON,2020
BULACAN,37,0,25/10/2020,REGION III-CENTRAL LUZON,2020
BULACAN,43,0,01/11/2020,REGION III-CENTRAL LUZON,2020
BULACAN,47,0,08/11/2020,REGION III-CENTRAL LUZON,2020
BULACAN,44,0,15/11/2020,REGION III-CENTRAL LUZON,2020
BULACAN,42,0,22/11/2020,REGION III-CENTRAL LUZON,2020
BULACAN,38,0,29/11/2020,REGION III-CENTRAL LUZON,2020
BULACAN,68,0,06/12/2020,REGION III-CENTRAL LUZON,2020
BULACAN,48,0,13/12/2020,REGION III-CENTRAL LUZON,2020
BULACAN,52,0,20/12/2020,REGION III-CENTRAL LUZON,2020
BULACAN,52,0,27/12/2020,REGION III-CENTRAL LUZON,2020
CAGAYAN,7,0,12/01/2020,Region II-CAGAYAN VALLEY,2020
CAGAYAN,11,0,19/01/2020,Region II-CAGAYAN VALLEY,2020
CAGAYAN,12,0,26/01/2020,Region II-CAGAYAN VALLEY,2020
CAGAYAN,10,0,02/02/2020,Region II-CAGAYAN VALLEY,2020
CAGAYAN,12,0,09/02/2020,Region II-CAGAYAN VALLEY,2020
CAGAYAN,13,0,16/02/2020,Region II-CAGAYAN VALLEY,2020
CAGAYAN,8,0,23/02/2020,Region II-CAGAYAN VALLEY,2020
CAGAYAN,7,0,01/03/2020,Region II-CAGAYAN VALLEY,2020
CAGAYAN,2,0,08/03/2020,Region II-CAGAYAN VALLEY,2020
CAGAYAN,4,0,15/03/2020,Region II-CAGAYAN VALLEY,2020
CAGAYAN,1,0,22/03/2020,Region II-CAGAYAN VALLEY,2020
CAGAYAN,0,0,29/03/2020,Region II-CAGAYAN VALLEY,2020
CAGAYAN,0,0,05/04/2020,Region II-CAGAYAN VALLEY,2020
CAGAYAN,0,0,12/04/2020,Region II-CAGAYAN VALLEY,2020
CAGAYAN,0,0,19/04/2020,Region II-CAGAYAN VALLEY,2020
CAGAYAN,1,0,26/04/2020,Region II-CAGAYAN VALLEY,2020
CAGAYAN,0,0,03/05/2020,Region II-CAGAYAN VALLEY,2020
CAGAYAN,1,0,10/05/2020,Region II-CAGAYAN VALLEY,2020
CAGAYAN,1,0,17/05/2020,Region II-CAGAYAN VALLEY,2020
CAGAYAN,0,0,24/05/2020,Region II-CAGAYAN VALLEY,2020
CAGAYAN,0,0,31/05/2020,Region II-CAGAYAN VALLEY,2020
CAGAYAN,3,0,07/06/2020,Region II-CAGAYAN VALLEY,2020
CAGAYAN,1,0,14/06/2020,Region II-CAGAYAN VALLEY,2020
CAGAYAN,2,0,21/06/2020,Region II-CAGAYAN VALLEY,2020
CAGAYAN,2,0,28/06/2020,Region II-CAGAYAN VALLEY,2020
CAGAYAN,0,0,05/07/2020,Region II-CAGAYAN VALLEY,2020
CAGAYAN,2,0,12/07/2020,Region II-CAGAYAN VALLEY,2020
CAGAYAN,3,0,19/07/2020,Region II-CAGAYAN VALLEY,2020
CAGAYAN,3,0,26/07/2020,Region II-CAGAYAN VALLEY,2020
CAGAYAN,1,0,02/08/2020,Region II-CAGAYAN VALLEY,2020
CAGAYAN,5,1,09/08/2020,Region II-CAGAYAN VALLEY,2020
CAGAYAN,4,0,16/08/2020,Region II-CAGAYAN VALLEY,2020
CAGAYAN,0,0,23/08/2020,Region II-CAGAYAN VALLEY,2020
CAGAYAN,1,0,30/08/2020,Region II-CAGAYAN VALLEY,2020
CAGAYAN,4,0,06/09/2020,Region II-CAGAYAN VALLEY,2020
CAGAYAN,3,0,13/09/2020,Region II-CAGAYAN VALLEY,2020
CAGAYAN,4,0,20/09/2020,Region II-CAGAYAN VALLEY,2020
CAGAYAN,5,0,27/09/2020,Region II-CAGAYAN VALLEY,2020
CAGAYAN,7,0,04/10/2020,Region II-CAGAYAN VALLEY,2020
CAGAYAN,8,1,11/10/2020,Region II-CAGAYAN VALLEY,2020
CAGAYAN,4,0,18/10/2020,Region II-CAGAYAN VALLEY,2020
CAGAYAN,3,0,25/10/2020,Region II-CAGAYAN VALLEY,2020
CAGAYAN,0,0,01/11/2020,Region II-CAGAYAN VALLEY,2020
CAGAYAN,4,0,08/11/2020,Region II-CAGAYAN VALLEY,2020
CAGAYAN,5,0,15/11/2020,Region II-CAGAYAN VALLEY,2020
CAGAYAN,5,0,22/11/2020,Region II-CAGAYAN VALLEY,2020
CAGAYAN,2,0,29/11/2020,Region II-CAGAYAN VALLEY,2020
CAGAYAN,4,0,06/12/2020,Region II-CAGAYAN VALLEY,2020
CAGAYAN,0,0,13/12/2020,Region II-CAGAYAN VALLEY,2020
CAGAYAN,0,0,20/12/2020,Region II-CAGAYAN VALLEY,2020
CAGAYAN,0,0,27/12/2020,Region II-CAGAYAN VALLEY,2020
CAMARINES NORTE,12,0,12/01/2020,REGION V-BICOL REGION,2020
CAMARINES NORTE,10,0,19/01/2020,REGION V-BICOL REGION,2020
CAMARINES NORTE,13,0,26/01/2020,REGION V-BICOL REGION,2020
CAMARINES NORTE,13,0,02/02/2020,REGION V-BICOL REGION,2020
CAMARINES NORTE,11,0,09/02/2020,REGION V-BICOL REGION,2020
CAMARINES NORTE,11,0,16/02/2020,REGION V-BICOL REGION,2020
CAMARINES NORTE,6,0,23/02/2020,REGION V-BICOL REGION,2020
CAMARINES NORTE,17,0,01/03/2020,REGION V-BICOL REGION,2020
CAMARINES NORTE,11,0,08/03/2020,REGION V-BICOL REGION,2020
CAMARINES NORTE,10,0,15/03/2020,REGION V-BICOL REGION,2020
CAMARINES NORTE,13,2,22/03/2020,REGION V-BICOL REGION,2020
CAMARINES NORTE,7,0,29/03/2020,REGION V-BICOL REGION,2020
CAMARINES NORTE,3,0,05/04/2020,REGION V-BICOL REGION,2020
CAMARINES NORTE,7,0,12/04/2020,REGION V-BICOL REGION,2020
CAMARINES NORTE,0,0,19/04/2020,REGION V-BICOL REGION,2020
CAMARINES NORTE,5,1,26/04/2020,REGION V-BICOL REGION,2020
CAMARINES NORTE,1,0,03/05/2020,REGION V-BICOL REGION,2020
CAMARINES NORTE,2,0,10/05/2020,REGION V-BICOL REGION,2020
CAMARINES NORTE,2,0,17/05/2020,REGION V-BICOL REGION,2020
CAMARINES NORTE,1,0,24/05/2020,REGION V-BICOL REGION,2020
CAMARINES NORTE,0,0,31/05/2020,REGION V-BICOL REGION,2020
CAMARINES NORTE,1,0,07/06/2020,REGION V-BICOL REGION,2020
CAMARINES NORTE,1,0,14/06/2020,REGION V-BICOL REGION,2020
CAMARINES NORTE,1,1,21/06/2020,REGION V-BICOL REGION,2020
CAMARINES NORTE,2,0,28/06/2020,REGION V-BICOL REGION,2020
CAMARINES NORTE,1,0,05/07/2020,REGION V-BICOL REGION,2020
CAMARINES NORTE,4,0,12/07/2020,REGION V-BICOL REGION,2020
CAMARINES NORTE,3,0,19/07/2020,REGION V-BICOL REGION,2020
CAMARINES NORTE,4,0,26/07/2020,REGION V-BICOL REGION,2020
CAMARINES NORTE,9,0,02/08/2020,REGION V-BICOL REGION,2020
CAMARINES NORTE,7,0,09/08/2020,REGION V-BICOL REGION,2020
CAMARINES NORTE,4,0,16/08/2020,REGION V-BICOL REGION,2020
CAMARINES NORTE,2,0,23/08/2020,REGION V-BICOL REGION,2020
CAMARINES NORTE,4,0,30/08/2020,REGION V-BICOL REGION,2020
CAMARINES NORTE,0,0,06/09/2020,REGION V-BICOL REGION,2020
CAMARINES NORTE,6,0,13/09/2020,REGION V-BICOL REGION,2020
CAMARINES NORTE,4,0,20/09/2020,REGION V-BICOL REGION,2020
CAMARINES NORTE,4,0,27/09/2020,REGION V-BICOL REGION,2020
CAMARINES NORTE,0,0,04/10/2020,REGION V-BICOL REGION,2020
CAMARINES NORTE,4,0,11/10/2020,REGION V-BICOL REGION,2020
CAMARINES NORTE,1,0,18/10/2020,REGION V-BICOL REGION,2020
CAMARINES NORTE,1,0,25/10/2020,REGION V-BICOL REGION,2020
CAMARINES NORTE,3,0,01/11/2020,REGION V-BICOL REGION,2020
CAMARINES NORTE,2,0,08/11/2020,REGION V-BICOL REGION,2020
CAMARINES NORTE,5,0,15/11/2020,REGION V-BICOL REGION,2020
CAMARINES NORTE,2,0,22/11/2020,REGION V-BICOL REGION,2020
CAMARINES NORTE,2,0,29/11/2020,REGION V-BICOL REGION,2020
CAMARINES NORTE,5,0,06/12/2020,REGION V-BICOL REGION,2020
CAMARINES NORTE,2,0,13/12/2020,REGION V-BICOL REGION,2020
CAMARINES NORTE,3,0,20/12/2020,REGION V-BICOL REGION,2020
CAMARINES NORTE,4,0,27/12/2020,REGION V-BICOL REGION,2020
CAMARINES SUR,25,0,12/01/2020,REGION V-BICOL REGION,2020
CAMARINES SUR,49,1,19/01/2020,REGION V-BICOL REGION,2020
CAMARINES SUR,42,0,26/01/2020,REGION V-BICOL REGION,2020
CAMARINES SUR,35,0,02/02/2020,REGION V-BICOL REGION,2020
CAMARINES SUR,48,0,09/02/2020,REGION V-BICOL REGION,2020
CAMARINES SUR,35,0,16/02/2020,REGION V-BICOL REGION,2020
CAMARINES SUR,54,1,23/02/2020,REGION V-BICOL REGION,2020
CAMARINES SUR,36,0,01/03/2020,REGION V-BICOL REGION,2020
CAMARINES SUR,33,0,08/03/2020,REGION V-BICOL REGION,2020
CAMARINES SUR,24,1,15/03/2020,REGION V-BICOL REGION,2020
CAMARINES SUR,17,0,22/03/2020,REGION V-BICOL REGION,2020
CAMARINES SUR,15,0,29/03/2020,REGION V-BICOL REGION,2020
CAMARINES SUR,5,0,05/04/2020,REGION V-BICOL REGION,2020
CAMARINES SUR,8,1,12/04/2020,REGION V-BICOL REGION,2020
CAMARINES SUR,4,0,19/04/2020,REGION V-BICOL REGION,2020
CAMARINES SUR,8,0,26/04/2020,REGION V-BICOL REGION,2020
CAMARINES SUR,6,0,03/05/2020,REGION V-BICOL REGION,2020
CAMARINES SUR,6,0,10/05/2020,REGION V-BICOL REGION,2020
CAMARINES SUR,6,0,17/05/2020,REGION V-BICOL REGION,2020
CAMARINES SUR,0,0,24/05/2020,REGION V-BICOL REGION,2020
CAMARINES SUR,2,0,31/05/2020,REGION V-BICOL REGION,2020
CAMARINES SUR,3,0,07/06/2020,REGION V-BICOL REGION,2020
CAMARINES SUR,7,0,14/06/2020,REGION V-BICOL REGION,2020
CAMARINES SUR,2,0,21/06/2020,REGION V-BICOL REGION,2020
CAMARINES SUR,2,0,28/06/2020,REGION V-BICOL REGION,2020
CAMARINES SUR,4,0,05/07/2020,REGION V-BICOL REGION,2020
CAMARINES SUR,2,0,12/07/2020,REGION V-BICOL REGION,2020
CAMARINES SUR,7,0,19/07/2020,REGION V-BICOL REGION,2020
CAMARINES SUR,2,0,26/07/2020,REGION V-BICOL REGION,2020
CAMARINES SUR,3,0,02/08/2020,REGION V-BICOL REGION,2020
CAMARINES SUR,4,1,09/08/2020,REGION V-BICOL REGION,2020
CAMARINES SUR,5,2,16/08/2020,REGION V-BICOL REGION,2020
CAMARINES SUR,7,1,23/08/2020,REGION V-BICOL REGION,2020
CAMARINES SUR,4,0,30/08/2020,REGION V-BICOL REGION,2020
CAMARINES SUR,3,0,06/09/2020,REGION V-BICOL REGION,2020
CAMARINES SUR,3,0,13/09/2020,REGION V-BICOL REGION,2020
CAMARINES SUR,4,0,20/09/2020,REGION V-BICOL REGION,2020
CAMARINES SUR,4,0,27/09/2020,REGION V-BICOL REGION,2020
CAMARINES SUR,4,0,04/10/2020,REGION V-BICOL REGION,2020
CAMARINES SUR,7,0,11/10/2020,REGION V-BICOL REGION,2020
CAMARINES SUR,6,0,18/10/2020,REGION V-BICOL REGION,2020
CAMARINES SUR,3,0,25/10/2020,REGION V-BICOL REGION,2020
CAMARINES SUR,5,0,01/11/2020,REGION V-BICOL REGION,2020
CAMARINES SUR,5,0,08/11/2020,REGION V-BICOL REGION,2020
CAMARINES SUR,3,0,15/11/2020,REGION V-BICOL REGION,2020
CAMARINES SUR,4,0,22/11/2020,REGION V-BICOL REGION,2020
CAMARINES SUR,2,0,29/11/2020,REGION V-BICOL REGION,2020
CAMARINES SUR,4,0,06/12/2020,REGION V-BICOL REGION,2020
CAMARINES SUR,5,0,13/12/2020,REGION V-BICOL REGION,2020
CAMARINES SUR,6,0,20/12/2020,REGION V-BICOL REGION,2020
CAMARINES SUR,5,0,27/12/2020,REGION V-BICOL REGION,2020
CATANDUANES,2,0,12/01/2020,REGION V-BICOL REGION,2020
CATANDUANES,2,0,19/01/2020,REGION V-BICOL REGION,2020
CATANDUANES,2,0,26/01/2020,REGION V-BICOL REGION,2020
CATANDUANES,1,0,02/02/2020,REGION V-BICOL REGION,2020
CATANDUANES,0,0,09/02/2020,REGION V-BICOL REGION,2020
CATANDUANES,1,0,16/02/2020,REGION V-BICOL REGION,2020
CATANDUANES,0,0,23/02/2020,REGION V-BICOL REGION,2020
CATANDUANES,2,0,01/03/2020,REGION V-BICOL REGION,2020
CATANDUANES,1,0,08/03/2020,REGION V-BICOL REGION,2020
CATANDUANES,0,0,15/03/2020,REGION V-BICOL REGION,2020
CATANDUANES,0,0,22/03/2020,REGION V-BICOL REGION,2020
CATANDUANES,0,0,29/03/2020,REGION V-BICOL REGION,2020
CATANDUANES,0,0,05/04/2020,REGION V-BICOL REGION,2020
CATANDUANES,0,0,12/04/2020,REGION V-BICOL REGION,2020
CATANDUANES,1,0,19/04/2020,REGION V-BICOL REGION,2020
CATANDUANES,0,0,26/04/2020,REGION V-BICOL REGION,2020
CATANDUANES,0,0,03/05/2020,REGION V-BICOL REGION,2020
CATANDUANES,3,0,10/05/2020,REGION V-BICOL REGION,2020
CATANDUANES,1,0,17/05/2020,REGION V-BICOL REGION,2020
CATANDUANES,0,0,24/05/2020,REGION V-BICOL REGION,2020
CATANDUANES,4,0,31/05/2020,REGION V-BICOL REGION,2020
CATANDUANES,2,0,07/06/2020,REGION V-BICOL REGION,2020
CATANDUANES,3,0,14/06/2020,REGION V-BICOL REGION,2020
CATANDUANES,1,0,21/06/2020,REGION V-BICOL REGION,2020
CATANDUANES,1,0,28/06/2020,REGION V-BICOL REGION,2020
CATANDUANES,3,0,05/07/2020,REGION V-BICOL REGION,2020
CATANDUANES,3,0,12/07/2020,REGION V-BICOL REGION,2020
CATANDUANES,0,0,19/07/2020,REGION V-BICOL REGION,2020
CATANDUANES,1,0,26/07/2020,REGION V-BICOL REGION,2020
CATANDUANES,5,0,02/08/2020,REGION V-BICOL REGION,2020
CATANDUANES,1,0,09/08/2020,REGION V-BICOL REGION,2020
CATANDUANES,1,0,16/08/2020,REGION V-BICOL REGION,2020
CATANDUANES,3,0,23/08/2020,REGION V-BICOL REGION,2020
CATANDUANES,2,0,30/08/2020,REGION V-BICOL REGION,2020
CATANDUANES,1,0,06/09/2020,REGION V-BICOL REGION,2020
CATANDUANES,5,0,13/09/2020,REGION V-BICOL REGION,2020
CATANDUANES,5,0,20/09/2020,REGION V-BICOL REGION,2020
CATANDUANES,1,0,27/09/2020,REGION V-BICOL REGION,2020
CATANDUANES,5,0,04/10/2020,REGION V-BICOL REGION,2020
CATANDUANES,3,0,11/10/2020,REGION V-BICOL REGION,2020
CATANDUANES,1,0,18/10/2020,REGION V-BICOL REGION,2020
CATANDUANES,1,0,25/10/2020,REGION V-BICOL REGION,2020
CATANDUANES,3,0,01/11/2020,REGION V-BICOL REGION,2020
CATANDUANES,1,0,08/11/2020,REGION V-BICOL REGION,2020
CATANDUANES,9,0,15/11/2020,REGION V-BICOL REGION,2020
CATANDUANES,2,0,22/11/2020,REGION V-BICOL REGION,2020
CATANDUANES,4,0,29/11/2020,REGION V-BICOL REGION,2020
CATANDUANES,3,0,06/12/2020,REGION V-BICOL REGION,2020
CATANDUANES,3,0,13/12/2020,REGION V-BICOL REGION,2020
CATANDUANES,5,0,20/12/2020,REGION V-BICOL REGION,2020
CATANDUANES,4,0,27/12/2020,REGION V-BICOL REGION,2020
CAVITE,166,0,12/01/2020,REGION IV-A-CALABARZON,2020
CAVITE,334,0,19/01/2020,REGION IV-A-CALABARZON,2020
CAVITE,278,1,26/01/2020,REGION IV-A-CALABARZON,2020
CAVITE,292,0,02/02/2020,REGION IV-A-CALABARZON,2020
CAVITE,281,0,09/02/2020,REGION IV-A-CALABARZON,2020
CAVITE,189,0,16/02/2020,REGION IV-A-CALABARZON,2020
CAVITE,150,0,23/02/2020,REGION IV-A-CALABARZON,2020
CAVITE,125,0,01/03/2020,REGION IV-A-CALABARZON,2020
CAVITE,103,1,08/03/2020,REGION IV-A-CALABARZON,2020
CAVITE,91,0,15/03/2020,REGION IV-A-CALABARZON,2020
CAVITE,71,0,22/03/2020,REGION IV-A-CALABARZON,2020
CAVITE,41,0,29/03/2020,REGION IV-A-CALABARZON,2020
CAVITE,11,0,05/04/2020,REGION IV-A-CALABARZON,2020
CAVITE,10,0,12/04/2020,REGION IV-A-CALABARZON,2020
CAVITE,12,0,19/04/2020,REGION IV-A-CALABARZON,2020
CAVITE,5,0,26/04/2020,REGION IV-A-CALABARZON,2020
CAVITE,4,0,03/05/2020,REGION IV-A-CALABARZON,2020
CAVITE,5,0,10/05/2020,REGION IV-A-CALABARZON,2020
CAVITE,3,0,17/05/2020,REGION IV-A-CALABARZON,2020
CAVITE,6,0,24/05/2020,REGION IV-A-CALABARZON,2020
CAVITE,3,0,31/05/2020,REGION IV-A-CALABARZON,2020
CAVITE,4,0,07/06/2020,REGION IV-A-CALABARZON,2020
CAVITE,6,0,14/06/2020,REGION IV-A-CALABARZON,2020
CAVITE,11,0,21/06/2020,REGION IV-A-CALABARZON,2020
CAVITE,14,0,28/06/2020,REGION IV-A-CALABARZON,2020
CAVITE,18,0,05/07/2020,REGION IV-A-CALABARZON,2020
CAVITE,16,0,12/07/2020,REGION IV-A-CALABARZON,2020
CAVITE,11,0,19/07/2020,REGION IV-A-CALABARZON,2020
CAVITE,15,0,26/07/2020,REGION IV-A-CALABARZON,2020
CAVITE,11,0,02/08/2020,REGION IV-A-CALABARZON,2020
CAVITE,14,0,09/08/2020,REGION IV-A-CALABARZON,2020
CAVITE,8,0,16/08/2020,REGION IV-A-CALABARZON,2020
CAVITE,20,0,23/08/2020,REGION IV-A-CALABARZON,2020
CAVITE,7,0,30/08/2020,REGION IV-A-CALABARZON,2020
CAVITE,14,0,06/09/2020,REGION IV-A-CALABARZON,2020
CAVITE,12,0,13/09/2020,REGION IV-A-CALABARZON,2020
CAVITE,21,0,20/09/2020,REGION IV-A-CALABARZON,2020
CAVITE,13,0,27/09/2020,REGION IV-A-CALABARZON,2020
CAVITE,14,0,04/10/2020,REGION IV-A-CALABARZON,2020
CAVITE,17,0,11/10/2020,REGION IV-A-CALABARZON,2020
CAVITE,31,1,18/10/2020,REGION IV-A-CALABARZON,2020
CAVITE,30,1,25/10/2020,REGION IV-A-CALABARZON,2020
CAVITE,29,1,01/11/2020,REGION IV-A-CALABARZON,2020
CAVITE,42,1,08/11/2020,REGION IV-A-CALABARZON,2020
CAVITE,51,0,15/11/2020,REGION IV-A-CALABARZON,2020
CAVITE,54,0,22/11/2020,REGION IV-A-CALABARZON,2020
CAVITE,47,0,29/11/2020,REGION IV-A-CALABARZON,2020
CAVITE,60,0,06/12/2020,REGION IV-A-CALABARZON,2020
CAVITE,60,0,13/12/2020,REGION IV-A-CALABARZON,2020
CAVITE,57,0,20/12/2020,REGION IV-A-CALABARZON,2020
CAVITE,68,0,27/12/2020,REGION IV-A-CALABARZON,2020
DAGUPAN CITY,9,0,12/01/2020,Region I-ILOCOS REGION,2020
DAGUPAN CITY,11,0,19/01/2020,Region I-ILOCOS REGION,2020
DAGUPAN CITY,4,0,26/01/2020,Region I-ILOCOS REGION,2020
DAGUPAN CITY,7,0,02/02/2020,Region I-ILOCOS REGION,2020
DAGUPAN CITY,6,0,09/02/2020,Region I-ILOCOS REGION,2020
DAGUPAN CITY,7,0,16/02/2020,Region I-ILOCOS REGION,2020
DAGUPAN CITY,5,0,23/02/2020,Region I-ILOCOS REGION,2020
DAGUPAN CITY,4,0,01/03/2020,Region I-ILOCOS REGION,2020
DAGUPAN CITY,7,0,08/03/2020,Region I-ILOCOS REGION,2020
DAGUPAN CITY,8,0,15/03/2020,Region I-ILOCOS REGION,2020
DAGUPAN CITY,4,0,22/03/2020,Region I-ILOCOS REGION,2020
DAGUPAN CITY,4,0,29/03/2020,Region I-ILOCOS REGION,2020
DAGUPAN CITY,4,0,05/04/2020,Region I-ILOCOS REGION,2020
DAGUPAN CITY,2,0,12/04/2020,Region I-ILOCOS REGION,2020
DAGUPAN CITY,0,0,19/04/2020,Region I-ILOCOS REGION,2020
DAGUPAN CITY,0,0,26/04/2020,Region I-ILOCOS REGION,2020
DAGUPAN CITY,1,0,03/05/2020,Region I-ILOCOS REGION,2020
DAGUPAN CITY,0,0,10/05/2020,Region I-ILOCOS REGION,2020
DAGUPAN CITY,0,0,17/05/2020,Region I-ILOCOS REGION,2020
DAGUPAN CITY,0,0,24/05/2020,Region I-ILOCOS REGION,2020
DAGUPAN CITY,1,0,31/05/2020,Region I-ILOCOS REGION,2020
DAGUPAN CITY,0,0,07/06/2020,Region I-ILOCOS REGION,2020
DAGUPAN CITY,1,0,14/06/2020,Region I-ILOCOS REGION,2020
DAGUPAN CITY,2,0,21/06/2020,Region I-ILOCOS REGION,2020
DAGUPAN CITY,1,0,28/06/2020,Region I-ILOCOS REGION,2020
DAGUPAN CITY,1,0,05/07/2020,Region I-ILOCOS REGION,2020
DAGUPAN CITY,0,0,12/07/2020,Region I-ILOCOS REGION,2020
DAGUPAN CITY,3,0,19/07/2020,Region I-ILOCOS REGION,2020
DAGUPAN CITY,3,0,26/07/2020,Region I-ILOCOS REGION,2020
DAGUPAN CITY,5,0,02/08/2020,Region I-ILOCOS REGION,2020
DAGUPAN CITY,4,0,09/08/2020,Region I-ILOCOS REGION,2020
DAGUPAN CITY,6,0,16/08/2020,Region I-ILOCOS REGION,2020
DAGUPAN CITY,5,0,23/08/2020,Region I-ILOCOS REGION,2020
DAGUPAN CITY,9,0,30/08/2020,Region I-ILOCOS REGION,2020
DAGUPAN CITY,14,0,06/09/2020,Region I-ILOCOS REGION,2020
DAGUPAN CITY,11,0,13/09/2020,Region I-ILOCOS REGION,2020
DAGUPAN CITY,15,0,20/09/2020,Region I-ILOCOS REGION,2020
DAGUPAN CITY,16,0,27/09/2020,Region I-ILOCOS REGION,2020
DAGUPAN CITY,13,0,04/10/2020,Region I-ILOCOS REGION,2020
DAGUPAN CITY,5,0,11/10/2020,Region I-ILOCOS REGION,2020
DAGUPAN CITY,7,0,18/10/2020,Region I-ILOCOS REGION,2020
DAGUPAN CITY,8,0,25/10/2020,Region I-ILOCOS REGION,2020
DAGUPAN CITY,11,0,01/11/2020,Region I-ILOCOS REGION,2020
DAGUPAN CITY,12,0,08/11/2020,Region I-ILOCOS REGION,2020
DAGUPAN CITY,7,0,15/11/2020,Region I-ILOCOS REGION,2020
DAGUPAN CITY,14,0,22/11/2020,Region I-ILOCOS REGION,2020
DAGUPAN CITY,11,0,29/11/2020,Region I-ILOCOS REGION,2020
DAGUPAN CITY,4,0,06/12/2020,Region I-ILOCOS REGION,2020
DAGUPAN CITY,8,0,13/12/2020,Region I-ILOCOS REGION,2020
DAGUPAN CITY,7,0,20/12/2020,Region I-ILOCOS REGION,2020
DAGUPAN CITY,0,0,27/12/2020,Region I-ILOCOS REGION,2020
ILOCOS NORTE,8,0,12/01/2020,Region I-ILOCOS REGION,2020
ILOCOS NORTE,18,0,19/01/2020,Region I-ILOCOS REGION,2020
ILOCOS NORTE,5,0,26/01/2020,Region I-ILOCOS REGION,2020
ILOCOS NORTE,9,0,02/02/2020,Region I-ILOCOS REGION,2020
ILOCOS NORTE,7,0,09/02/2020,Region I-ILOCOS REGION,2020
ILOCOS NORTE,9,0,16/02/2020,Region I-ILOCOS REGION,2020
ILOCOS NORTE,8,0,23/02/2020,Region I-ILOCOS REGION,2020
ILOCOS NORTE,11,0,01/03/2020,Region I-ILOCOS REGION,2020
ILOCOS NORTE,6,0,08/03/2020,Region I-ILOCOS REGION,2020
ILOCOS NORTE,1,0,15/03/2020,Region I-ILOCOS REGION,2020
ILOCOS NORTE,4,0,22/03/2020,Region I-ILOCOS REGION,2020
ILOCOS NORTE,3,0,29/03/2020,Region I-ILOCOS REGION,2020
ILOCOS NORTE,1,0,05/04/2020,Region I-ILOCOS REGION,2020
ILOCOS NORTE,0,0,12/04/2020,Region I-ILOCOS REGION,2020
ILOCOS NORTE,0,0,19/04/2020,Region I-ILOCOS REGION,2020
ILOCOS NORTE,1,0,26/04/2020,Region I-ILOCOS REGION,2020
ILOCOS NORTE,1,0,03/05/2020,Region I-ILOCOS REGION,2020
ILOCOS NORTE,0,0,10/05/2020,Region I-ILOCOS REGION,2020
ILOCOS NORTE,0,0,17/05/2020,Region I-ILOCOS REGION,2020
ILOCOS NORTE,0,0,24/05/2020,Region I-ILOCOS REGION,2020
ILOCOS NORTE,1,0,31/05/2020,Region I-ILOCOS REGION,2020
ILOCOS NORTE,4,1,07/06/2020,Region I-ILOCOS REGION,2020
ILOCOS NORTE,4,0,14/06/2020,Region I-ILOCOS REGION,2020
ILOCOS NORTE,1,0,21/06/2020,Region I-ILOCOS REGION,2020
ILOCOS NORTE,1,0,28/06/2020,Region I-ILOCOS REGION,2020
ILOCOS NORTE,2,0,05/07/2020,Region I-ILOCOS REGION,2020
ILOCOS NORTE,3,0,12/07/2020,Region I-ILOCOS REGION,2020
ILOCOS NORTE,4,0,19/07/2020,Region I-ILOCOS REGION,2020
ILOCOS NORTE,2,0,26/07/2020,Region I-ILOCOS REGION,2020
ILOCOS NORTE,7,0,02/08/2020,Region I-ILOCOS REGION,2020
ILOCOS NORTE,10,0,09/08/2020,Region I-ILOCOS REGION,2020
ILOCOS NORTE,0,0,16/08/2020,Region I-ILOCOS REGION,2020
ILOCOS NORTE,3,0,23/08/2020,Region I-ILOCOS REGION,2020
ILOCOS NORTE,0,0,30/08/2020,Region I-ILOCOS REGION,2020
ILOCOS NORTE,2,0,06/09/2020,Region I-ILOCOS REGION,2020
ILOCOS NORTE,5,0,13/09/2020,Region I-ILOCOS REGION,2020
ILOCOS NORTE,3,0,20/09/2020,Region I-ILOCOS REGION,2020
ILOCOS NORTE,5,0,27/09/2020,Region I-ILOCOS REGION,2020
ILOCOS NORTE,6,0,04/10/2020,Region I-ILOCOS REGION,2020
ILOCOS NORTE,4,0,11/10/2020,Region I-ILOCOS REGION,2020
ILOCOS NORTE,3,0,18/10/2020,Region I-ILOCOS REGION,2020
ILOCOS NORTE,0,0,25/10/2020,Region I-ILOCOS REGION,2020
ILOCOS NORTE,0,0,01/11/2020,Region I-ILOCOS REGION,2020
ILOCOS NORTE,0,0,08/11/2020,Region I-ILOCOS REGION,2020
ILOCOS NORTE,0,0,15/11/2020,Region I-ILOCOS REGION,2020
ILOCOS NORTE,2,0,22/11/2020,Region I-ILOCOS REGION,2020
ILOCOS NORTE,3,0,29/11/2020,Region I-ILOCOS REGION,2020
ILOCOS NORTE,2,0,06/12/2020,Region I-ILOCOS REGION,2020
ILOCOS NORTE,0,0,13/12/2020,Region I-ILOCOS REGION,2020
ILOCOS NORTE,2,0,20/12/2020,Region I-ILOCOS REGION,2020
ILOCOS NORTE,2,0,27/12/2020,Region I-ILOCOS REGION,2020
ILOCOS SUR,11,0,12/01/2020,Region I-ILOCOS REGION,2020
ILOCOS SUR,20,0,19/01/2020,Region I-ILOCOS REGION,2020
ILOCOS SUR,16,0,26/01/2020,Region I-ILOCOS REGION,2020
ILOCOS SUR,10,0,02/02/2020,Region I-ILOCOS REGION,2020
ILOCOS SUR,10,0,09/02/2020,Region I-ILOCOS REGION,2020
ILOCOS SUR,13,0,16/02/2020,Region I-ILOCOS REGION,2020
ILOCOS SUR,12,0,23/02/2020,Region I-ILOCOS REGION,2020
ILOCOS SUR,12,0,01/03/2020,Region I-ILOCOS REGION,2020
ILOCOS SUR,5,0,08/03/2020,Region I-ILOCOS REGION,2020
ILOCOS SUR,6,0,15/03/2020,Region I-ILOCOS REGION,2020
ILOCOS SUR,2,0,22/03/2020,Region I-ILOCOS REGION,2020
ILOCOS SUR,1,0,29/03/2020,Region I-ILOCOS REGION,2020
ILOCOS SUR,5,0,05/04/2020,Region I-ILOCOS REGION,2020
ILOCOS SUR,4,0,12/04/2020,Region I-ILOCOS REGION,2020
ILOCOS SUR,1,0,19/04/2020,Region I-ILOCOS REGION,2020
ILOCOS SUR,0,0,26/04/2020,Region I-ILOCOS REGION,2020
ILOCOS SUR,3,0,03/05/2020,Region I-ILOCOS REGION,2020
ILOCOS SUR,3,0,10/05/2020,Region I-ILOCOS REGION,2020
ILOCOS SUR,2,0,17/05/2020,Region I-ILOCOS REGION,2020
ILOCOS SUR,2,0,24/05/2020,Region I-ILOCOS REGION,2020
ILOCOS SUR,5,0,31/05/2020,Region I-ILOCOS REGION,2020
ILOCOS SUR,4,0,07/06/2020,Region I-ILOCOS REGION,2020
ILOCOS SUR,13,0,14/06/2020,Region I-ILOCOS REGION,2020
ILOCOS SUR,3,0,21/06/2020,Region I-ILOCOS REGION,2020
ILOCOS SUR,9,0,28/06/2020,Region I-ILOCOS REGION,2020
ILOCOS SUR,19,0,05/07/2020,Region I-ILOCOS REGION,2020
ILOCOS SUR,21,0,12/07/2020,Region I-ILOCOS REGION,2020
ILOCOS SUR,25,0,19/07/2020,Region I-ILOCOS REGION,2020
ILOCOS SUR,13,0,26/07/2020,Region I-ILOCOS REGION,2020
ILOCOS SUR,37,0,02/08/2020,Region I-ILOCOS REGION,2020
ILOCOS SUR,43,0,09/08/2020,Region I-ILOCOS REGION,2020
ILOCOS SUR,43,0,16/08/2020,Region I-ILOCOS REGION,2020
ILOCOS SUR,57,0,23/08/2020,Region I-ILOCOS REGION,2020
ILOCOS SUR,61,0,30/08/2020,Region I-ILOCOS REGION,2020
ILOCOS SUR,49,0,06/09/2020,Region I-ILOCOS REGION,2020
ILOCOS SUR,59,1,13/09/2020,Region I-ILOCOS REGION,2020
ILOCOS SUR,51,0,20/09/2020,Region I-ILOCOS REGION,2020
ILOCOS SUR,50,0,27/09/2020,Region I-ILOCOS REGION,2020
ILOCOS SUR,58,0,04/10/2020,Region I-ILOCOS REGION,2020
ILOCOS SUR,53,0,11/10/2020,Region I-ILOCOS REGION,2020
ILOCOS SUR,50,0,18/10/2020,Region I-ILOCOS REGION,2020
ILOCOS SUR,54,0,25/10/2020,Region I-ILOCOS REGION,2020
ILOCOS SUR,57,0,01/11/2020,Region I-ILOCOS REGION,2020
ILOCOS SUR,44,0,08/11/2020,Region I-ILOCOS REGION,2020
ILOCOS SUR,50,0,15/11/2020,Region I-ILOCOS REGION,2020
ILOCOS SUR,62,0,22/11/2020,Region I-ILOCOS REGION,2020
ILOCOS SUR,60,0,29/11/2020,Region I-ILOCOS REGION,2020
ILOCOS SUR,52,0,06/12/2020,Region I-ILOCOS REGION,2020
ILOCOS SUR,73,0,13/12/2020,Region I-ILOCOS REGION,2020
ILOCOS SUR,57,0,20/12/2020,Region I-ILOCOS REGION,2020
ILOCOS SUR,57,0,27/12/2020,Region I-ILOCOS REGION,2020
ISABELA,13,1,12/01/2020,Region II-CAGAYAN VALLEY,2020
ISABELA,40,1,19/01/2020,Region II-CAGAYAN VALLEY,2020
ISABELA,31,1,26/01/2020,Region II-CAGAYAN VALLEY,2020
ISABELA,29,0,02/02/2020,Region II-CAGAYAN VALLEY,2020
ISABELA,199,0,09/02/2020,Region II-CAGAYAN VALLEY,2020
ISABELA,11,0,16/02/2020,Region II-CAGAYAN VALLEY,2020
ISABELA,14,0,23/02/2020,Region II-CAGAYAN VALLEY,2020
ISABELA,13,0,01/03/2020,Region II-CAGAYAN VALLEY,2020
ISABELA,14,0,08/03/2020,Region II-CAGAYAN VALLEY,2020
ISABELA,4,0,15/03/2020,Region II-CAGAYAN VALLEY,2020
ISABELA,8,0,22/03/2020,Region II-CAGAYAN VALLEY,2020
ISABELA,7,0,29/03/2020,Region II-CAGAYAN VALLEY,2020
ISABELA,2,0,05/04/2020,Region II-CAGAYAN VALLEY,2020
ISABELA,3,0,12/04/2020,Region II-CAGAYAN VALLEY,2020
ISABELA,1,0,19/04/2020,Region II-CAGAYAN VALLEY,2020
ISABELA,1,0,26/04/2020,Region II-CAGAYAN VALLEY,2020
ISABELA,2,0,03/05/2020,Region II-CAGAYAN VALLEY,2020
ISABELA,1,0,10/05/2020,Region II-CAGAYAN VALLEY,2020
ISABELA,1,0,17/05/2020,Region II-CAGAYAN VALLEY,2020
ISABELA,1,0,24/05/2020,Region II-CAGAYAN VALLEY,2020
ISABELA,0,0,31/05/2020,Region II-CAGAYAN VALLEY,2020
ISABELA,1,0,07/06/2020,Region II-CAGAYAN VALLEY,2020
ISABELA,1,0,14/06/2020,Region II-CAGAYAN VALLEY,2020
ISABELA,4,0,21/06/2020,Region II-CAGAYAN VALLEY,2020
ISABELA,1,0,28/06/2020,Region II-CAGAYAN VALLEY,2020
ISABELA,5,0,05/07/2020,Region II-CAGAYAN VALLEY,2020
ISABELA,3,0,12/07/2020,Region II-CAGAYAN VALLEY,2020
ISABELA,3,0,19/07/2020,Region II-CAGAYAN VALLEY,2020
ISABELA,2,0,26/07/2020,Region II-CAGAYAN VALLEY,2020
ISABELA,6,0,02/08/2020,Region II-CAGAYAN VALLEY,2020
ISABELA,7,0,09/08/2020,Region II-CAGAYAN VALLEY,2020
ISABELA,3,0,16/08/2020,Region II-CAGAYAN VALLEY,2020
ISABELA,5,0,23/08/2020,Region II-CAGAYAN VALLEY,2020
ISABELA,1,0,30/08/2020,Region II-CAGAYAN VALLEY,2020
ISABELA,2,0,06/09/2020,Region II-CAGAYAN VALLEY,2020
ISABELA,7,1,13/09/2020,Region II-CAGAYAN VALLEY,2020
ISABELA,7,0,20/09/2020,Region II-CAGAYAN VALLEY,2020
ISABELA,8,0,27/09/2020,Region II-CAGAYAN VALLEY,2020
ISABELA,7,0,04/10/2020,Region II-CAGAYAN VALLEY,2020
ISABELA,4,0,11/10/2020,Region II-CAGAYAN VALLEY,2020
ISABELA,8,0,18/10/2020,Region II-CAGAYAN VALLEY,2020
ISABELA,13,0,25/10/2020,Region II-CAGAYAN VALLEY,2020
ISABELA,9,0,01/11/2020,Region II-CAGAYAN VALLEY,2020
ISABELA,3,0,08/11/2020,Region II-CAGAYAN VALLEY,2020
ISABELA,5,0,15/11/2020,Region II-CAGAYAN VALLEY,2020
ISABELA,6,0,22/11/2020,Region II-CAGAYAN VALLEY,2020
ISABELA,7,0,29/11/2020,Region II-CAGAYAN VALLEY,2020
ISABELA,3,0,06/12/2020,Region II-CAGAYAN VALLEY,2020
ISABELA,5,0,13/12/2020,Region II-CAGAYAN VALLEY,2020
ISABELA,5,0,20/12/2020,Region II-CAGAYAN VALLEY,2020
ISABELA,3,0,27/12/2020,Region II-CAGAYAN VALLEY,2020
LA UNION,12,0,12/01/2020,Region I-ILOCOS REGION,2020
LA UNION,22,0,19/01/2020,Region I-ILOCOS REGION,2020
LA UNION,14,0,26/01/2020,Region I-ILOCOS REGION,2020
LA UNION,11,0,02/02/2020,Region I-ILOCOS REGION,2020
LA UNION,11,1,09/02/2020,Region I-ILOCOS REGION,2020
LA UNION,9,0,16/02/2020,Region I-ILOCOS REGION,2020
LA UNION,6,0,23/02/2020,Region I-ILOCOS REGION,2020
LA UNION,6,0,01/03/2020,Region I-ILOCOS REGION,2020
LA UNION,4,0,08/03/2020,Region I-ILOCOS REGION,2020
LA UNION,2,0,15/03/2020,Region I-ILOCOS REGION,2020
LA UNION,2,0,22/03/2020,Region I-ILOCOS REGION,2020
LA UNION,1,0,29/03/2020,Region I-ILOCOS REGION,2020
LA UNION,1,0,05/04/2020,Region I-ILOCOS REGION,2020
LA UNION,1,0,12/04/2020,Region I-ILOCOS REGION,2020
LA UNION,1,0,19/04/2020,Region I-ILOCOS REGION,2020
LA UNION,0,0,26/04/2020,Region I-ILOCOS REGION,2020
LA UNION,0,0,03/05/2020,Region I-ILOCOS REGION,2020
LA UNION,1,0,10/05/2020,Region I-ILOCOS REGION,2020
LA UNION,1,0,17/05/2020,Region I-ILOCOS REGION,2020
LA UNION,4,0,24/05/2020,Region I-ILOCOS REGION,2020
LA UNION,1,0,31/05/2020,Region I-ILOCOS REGION,2020
LA UNION,1,0,07/06/2020,Region I-ILOCOS REGION,2020
LA UNION,0,0,14/06/2020,Region I-ILOCOS REGION,2020
LA UNION,1,0,21/06/2020,Region I-ILOCOS REGION,2020
LA UNION,1,0,28/06/2020,Region I-ILOCOS REGION,2020
LA UNION,4,0,05/07/2020,Region I-ILOCOS REGION,2020
LA UNION,6,0,12/07/2020,Region I-ILOCOS REGION,2020
LA UNION,3,0,19/07/2020,Region I-ILOCOS REGION,2020
LA UNION,2,0,26/07/2020,Region I-ILOCOS REGION,2020
LA UNION,2,0,02/08/2020,Region I-ILOCOS REGION,2020
LA UNION,10,0,09/08/2020,Region I-ILOCOS REGION,2020
LA UNION,19,0,16/08/2020,Region I-ILOCOS REGION,2020
LA UNION,11,0,23/08/2020,Region I-ILOCOS REGION,2020
LA UNION,11,0,30/08/2020,Region I-ILOCOS REGION,2020
LA UNION,17,0,06/09/2020,Region I-ILOCOS REGION,2020
LA UNION,10,0,13/09/2020,Region I-ILOCOS REGION,2020
LA UNION,3,0,20/09/2020,Region I-ILOCOS REGION,2020
LA UNION,7,0,27/09/2020,Region I-ILOCOS REGION,2020
LA UNION,9,0,04/10/2020,Region I-ILOCOS REGION,2020
LA UNION,8,0,11/10/2020,Region I-ILOCOS REGION,2020
LA UNION,8,0,18/10/2020,Region I-ILOCOS REGION,2020
LA UNION,17,0,25/10/2020,Region I-ILOCOS REGION,2020
LA UNION,11,0,01/11/2020,Region I-ILOCOS REGION,2020
LA UNION,6,0,08/11/2020,Region I-ILOCOS REGION,2020
LA UNION,6,0,15/11/2020,Region I-ILOCOS REGION,2020
LA UNION,5,0,22/11/2020,Region I-ILOCOS REGION,2020
LA UNION,10,0,29/11/2020,Region I-ILOCOS REGION,2020
LA UNION,8,0,06/12/2020,Region I-ILOCOS REGION,2020
LA UNION,13,0,13/12/2020,Region I-ILOCOS REGION,2020
LA UNION,14,0,20/12/2020,Region I-ILOCOS REGION,2020
LA UNION,9,0,27/12/2020,Region I-ILOCOS REGION,2020
LAGUNA,59,0,12/01/2020,REGION IV-A-CALABARZON,2020
LAGUNA,221,0,19/01/2020,REGION IV-A-CALABARZON,2020
LAGUNA,171,0,26/01/2020,REGION IV-A-CALABARZON,2020
LAGUNA,194,0,02/02/2020,REGION IV-A-CALABARZON,2020
LAGUNA,140,0,09/02/2020,REGION IV-A-CALABARZON,2020
LAGUNA,73,0,16/02/2020,REGION IV-A-CALABARZON,2020
LAGUNA,93,0,23/02/2020,REGION IV-A-CALABARZON,2020
LAGUNA,86,0,01/03/2020,REGION IV-A-CALABARZON,2020
LAGUNA,91,0,08/03/2020,REGION IV-A-CALABARZON,2020
LAGUNA,93,0,15/03/2020,REGION IV-A-CALABARZON,2020
LAGUNA,55,1,22/03/2020,REGION IV-A-CALABARZON,2020
LAGUNA,28,0,29/03/2020,REGION IV-A-CALABARZON,2020
LAGUNA,8,0,05/04/2020,REGION IV-A-CALABARZON,2020
LAGUNA,6,0,12/04/2020,REGION IV-A-CALABARZON,2020
LAGUNA,6,0,19/04/2020,REGION IV-A-CALABARZON,2020
LAGUNA,2,0,26/04/2020,REGION IV-A-CALABARZON,2020
LAGUNA,2,0,03/05/2020,REGION IV-A-CALABARZON,2020
LAGUNA,5,0,10/05/2020,REGION IV-A-CALABARZON,2020
LAGUNA,2,0,17/05/2020,REGION IV-A-CALABARZON,2020
LAGUNA,12,0,24/05/2020,REGION IV-A-CALABARZON,2020
LAGUNA,3,0,31/05/2020,REGION IV-A-CALABARZON,2020
LAGUNA,6,0,07/06/2020,REGION IV-A-CALABARZON,2020
LAGUNA,8,0,14/06/2020,REGION IV-A-CALABARZON,2020
LAGUNA,9,0,21/06/2020,REGION IV-A-CALABARZON,2020
LAGUNA,14,0,28/06/2020,REGION IV-A-CALABARZON,2020
LAGUNA,12,0,05/07/2020,REGION IV-A-CALABARZON,2020
LAGUNA,7,0,12/07/2020,REGION IV-A-CALABARZON,2020
LAGUNA,13,0,19/07/2020,REGION IV-A-CALABARZON,2020
LAGUNA,14,0,26/07/2020,REGION IV-A-CALABARZON,2020
LAGUNA,3,0,02/08/2020,REGION IV-A-CALABARZON,2020
LAGUNA,13,0,09/08/2020,REGION IV-A-CALABARZON,2020
LAGUNA,6,0,16/08/2020,REGION IV-A-CALABARZON,2020
LAGUNA,17,0,23/08/2020,REGION IV-A-CALABARZON,2020
LAGUNA,16,0,30/08/2020,REGION IV-A-CALABARZON,2020
LAGUNA,18,1,06/09/2020,REGION IV-A-CALABARZON,2020
LAGUNA,12,2,13/09/2020,REGION IV-A-CALABARZON,2020
LAGUNA,19,0,20/09/2020,REGION IV-A-CALABARZON,2020
LAGUNA,13,0,27/09/2020,REGION IV-A-CALABARZON,2020
LAGUNA,17,0,04/10/2020,REGION IV-A-CALABARZON,2020
LAGUNA,19,0,11/10/2020,REGION IV-A-CALABARZON,2020
LAGUNA,24,0,18/10/2020,REGION IV-A-CALABARZON,2020
LAGUNA,33,0,25/10/2020,REGION IV-A-CALABARZON,2020
LAGUNA,21,0,01/11/2020,REGION IV-A-CALABARZON,2020
LAGUNA,12,0,08/11/2020,REGION IV-A-CALABARZON,2020
LAGUNA,19,0,15/11/2020,REGION IV-A-CALABARZON,2020
LAGUNA,29,0,22/11/2020,REGION IV-A-CALABARZON,2020
LAGUNA,26,0,29/11/2020,REGION IV-A-CALABARZON,2020
LAGUNA,27,2,06/12/2020,REGION IV-A-CALABARZON,2020
LAGUNA,22,0,13/12/2020,REGION IV-A-CALABARZON,2020
LAGUNA,33,1,20/12/2020,REGION IV-A-CALABARZON,2020
LAGUNA,34,0,27/12/2020,REGION IV-A-CALABARZON,2020
LUCENA CITY,9,0,12/01/2020,REGION IV-A-CALABARZON,2020
LUCENA CITY,17,0,19/01/2020,REGION IV-A-CALABARZON,2020
LUCENA CITY,16,0,26/01/2020,REGION IV-A-CALABARZON,2020
LUCENA CITY,17,0,02/02/2020,REGION IV-A-CALABARZON,2020
LUCENA CITY,17,0,09/02/2020,REGION IV-A-CALABARZON,2020
LUCENA CITY,10,0,16/02/2020,REGION IV-A-CALABARZON,2020
LUCENA CITY,6,0,23/02/2020,REGION IV-A-CALABARZON,2020
LUCENA CITY,8,0,01/03/2020,REGION IV-A-CALABARZON,2020
LUCENA CITY,7,0,08/03/2020,REGION IV-A-CALABARZON,2020
LUCENA CITY,5,0,15/03/2020,REGION IV-A-CALABARZON,2020
LUCENA CITY,0,0,22/03/2020,REGION IV-A-CALABARZON,2020
LUCENA CITY,1,0,29/03/2020,REGION IV-A-CALABARZON,2020
LUCENA CITY,0,0,05/04/2020,REGION IV-A-CALABARZON,2020
LUCENA CITY,0,0,12/04/2020,REGION IV-A-CALABARZON,2020
LUCENA CITY,0,0,19/04/2020,REGION IV-A-CALABARZON,2020
LUCENA CITY,0,0,26/04/2020,REGION IV-A-CALABARZON,2020
LUCENA CITY,0,0,03/05/2020,REGION IV-A-CALABARZON,2020
LUCENA CITY,0,0,10/05/2020,REGION IV-A-CALABARZON,2020
LUCENA CITY,0,0,17/05/2020,REGION IV-A-CALABARZON,2020
LUCENA CITY,0,0,24/05/2020,REGION IV-A-CALABARZON,2020
LUCENA CITY,0,0,31/05/2020,REGION IV-A-CALABARZON,2020
LUCENA CITY,0,0,07/06/2020,REGION IV-A-CALABARZON,2020
LUCENA CITY,0,0,14/06/2020,REGION IV-A-CALABARZON,2020
LUCENA CITY,0,0,21/06/2020,REGION IV-A-CALABARZON,2020
LUCENA CITY,0,0,28/06/2020,REGION IV-A-CALABARZON,2020
LUCENA CITY,0,0,05/07/2020,REGION IV-A-CALABARZON,2020
LUCENA CITY,0,0,12/07/2020,REGION IV-A-CALABARZON,2020
LUCENA CITY,0,0,19/07/2020,REGION IV-A-CALABARZON,2020
LUCENA CITY,0,0,26/07/2020,REGION IV-A-CALABARZON,2020
LUCENA CITY,0,0,02/08/2020,REGION IV-A-CALABARZON,2020
LUCENA CITY,0,0,09/08/2020,REGION IV-A-CALABARZON,2020
LUCENA CITY,1,0,16/08/2020,REGION IV-A-CALABARZON,2020
LUCENA CITY,2,0,23/08/2020,REGION IV-A-CALABARZON,2020
LUCENA CITY,0,0,30/08/2020,REGION IV-A-CALABARZON,2020
LUCENA CITY,0,0,06/09/2020,REGION IV-A-CALABARZON,2020
LUCENA CITY,1,0,13/09/2020,REGION IV-A-CALABARZON,2020
LUCENA CITY,0,0,20/09/2020,REGION IV-A-CALABARZON,2020
LUCENA CITY,0,0,27/09/2020,REGION IV-A-CALABARZON,2020
LUCENA CITY,0,0,04/10/2020,REGION IV-A-CALABARZON,2020
LUCENA CITY,0,0,11/10/2020,REGION IV-A-CALABARZON,2020
LUCENA CITY,0,0,18/10/2020,REGION IV-A-CALABARZON,2020
LUCENA CITY,0,0,25/10/2020,REGION IV-A-CALABARZON,2020
LUCENA CITY,0,0,01/11/2020,REGION IV-A-CALABARZON,2020
LUCENA CITY,0,0,08/11/2020,REGION IV-A-CALABARZON,2020
LUCENA CITY,0,0,15/11/2020,REGION IV-A-CALABARZON,2020
LUCENA CITY,0,0,22/11/2020,REGION IV-A-CALABARZON,2020
LUCENA CITY,0,0,29/11/2020,REGION IV-A-CALABARZON,2020
LUCENA CITY,0,0,06/12/2020,REGION IV-A-CALABARZON,2020
LUCENA CITY,0,0,13/12/2020,REGION IV-A-CALABARZON,2020
LUCENA CITY,0,0,20/12/2020,REGION IV-A-CALABARZON,2020
LUCENA CITY,0,0,27/12/2020,REGION IV-A-CALABARZON,2020
MARINDUQUE,2,0,12/01/2020,REGION IVB-MIMAROPA,2020
MARINDUQUE,11,0,19/01/2020,REGION IVB-MIMAROPA,2020
MARINDUQUE,12,0,26/01/2020,REGION IVB-MIMAROPA,2020
MARINDUQUE,13,0,02/02/2020,REGION IVB-MIMAROPA,2020
MARINDUQUE,9,0,09/02/2020,REGION IVB-MIMAROPA,2020
MARINDUQUE,16,0,16/02/2020,REGION IVB-MIMAROPA,2020
MARINDUQUE,11,0,23/02/2020,REGION IVB-MIMAROPA,2020
MARINDUQUE,10,0,01/03/2020,REGION IVB-MIMAROPA,2020
MARINDUQUE,6,0,08/03/2020,REGION IVB-MIMAROPA,2020
MARINDUQUE,8,0,15/03/2020,REGION IVB-MIMAROPA,2020
MARINDUQUE,6,0,22/03/2020,REGION IVB-MIMAROPA,2020
MARINDUQUE,5,0,29/03/2020,REGION IVB-MIMAROPA,2020
MARINDUQUE,3,0,05/04/2020,REGION IVB-MIMAROPA,2020
MARINDUQUE,0,0,12/04/2020,REGION IVB-MIMAROPA,2020
MARINDUQUE,2,0,19/04/2020,REGION IVB-MIMAROPA,2020
MARINDUQUE,1,0,26/04/2020,REGION IVB-MIMAROPA,2020
MARINDUQUE,0,0,03/05/2020,REGION IVB-MIMAROPA,2020
MARINDUQUE,0,0,10/05/2020,REGION IVB-MIMAROPA,2020
MARINDUQUE,0,0,17/05/2020,REGION IVB-MIMAROPA,2020
MARINDUQUE,1,0,24/05/2020,REGION IVB-MIMAROPA,2020
MARINDUQUE,0,0,31/05/2020,REGION IVB-MIMAROPA,2020
MARINDUQUE,0,0,07/06/2020,REGION IVB-MIMAROPA,2020
MARINDUQUE,0,0,14/06/2020,REGION IVB-MIMAROPA,2020
MARINDUQUE,1,0,21/06/2020,REGION IVB-MIMAROPA,2020
MARINDUQUE,0,0,28/06/2020,REGION IVB-MIMAROPA,2020
MARINDUQUE,2,0,05/07/2020,REGION IVB-MIMAROPA,2020
MARINDUQUE,0,0,12/07/2020,REGION IVB-MIMAROPA,2020
MARINDUQUE,1,0,19/07/2020,REGION IVB-MIMAROPA,2020
MARINDUQUE,2,0,26/07/2020,REGION IVB-MIMAROPA,2020
MARINDUQUE,2,0,02/08/2020,REGION IVB-MIMAROPA,2020
MARINDUQUE,1,0,09/08/2020,REGION IVB-MIMAROPA,2020
MARINDUQUE,2,0,16/08/2020,REGION IVB-MIMAROPA,2020
MARINDUQUE,2,0,23/08/2020,REGION IVB-MIMAROPA,2020
MARINDUQUE,8,0,30/08/2020,REGION IVB-MIMAROPA,2020
MARINDUQUE,2,0,06/09/2020,REGION IVB-MIMAROPA,2020
MARINDUQUE,3,0,13/09/2020,REGION IVB-MIMAROPA,2020
MARINDUQUE,0,0,20/09/2020,REGION IVB-MIMAROPA,2020
MARINDUQUE,0,0,27/09/2020,REGION IVB-MIMAROPA,2020
MARINDUQUE,1,0,04/10/2020,REGION IVB-MIMAROPA,2020
MARINDUQUE,0,0,11/10/2020,REGION IVB-MIMAROPA,2020
MARINDUQUE,1,0,18/10/2020,REGION IVB-MIMAROPA,2020
MARINDUQUE,0,0,25/10/2020,REGION IVB-MIMAROPA,2020
MARINDUQUE,1,0,01/11/2020,REGION IVB-MIMAROPA,2020
MARINDUQUE,1,0,08/11/2020,REGION IVB-MIMAROPA,2020
MARINDUQUE,0,0,15/11/2020,REGION IVB-MIMAROPA,2020
MARINDUQUE,0,0,22/11/2020,REGION IVB-MIMAROPA,2020
MARINDUQUE,0,0,29/11/2020,REGION IVB-MIMAROPA,2020
MARINDUQUE,0,0,06/12/2020,REGION IVB-MIMAROPA,2020
MARINDUQUE,0,0,13/12/2020,REGION IVB-MIMAROPA,2020
MARINDUQUE,0,0,20/12/2020,REGION IVB-MIMAROPA,2020
MARINDUQUE,0,0,27/12/2020,REGION IVB-MIMAROPA,2020
MASBATE,7,0,12/01/2020,REGION V-BICOL REGION,2020
MASBATE,8,0,19/01/2020,REGION V-BICOL REGION,2020
MASBATE,10,0,26/01/2020,REGION V-BICOL REGION,2020
MASBATE,13,0,02/02/2020,REGION V-BICOL REGION,2020
MASBATE,5,0,09/02/2020,REGION V-BICOL REGION,2020
MASBATE,11,0,16/02/2020,REGION V-BICOL REGION,2020
MASBATE,5,0,23/02/2020,REGION V-BICOL REGION,2020
MASBATE,10,0,01/03/2020,REGION V-BICOL REGION,2020
MASBATE,7,0,08/03/2020,REGION V-BICOL REGION,2020
MASBATE,13,0,15/03/2020,REGION V-BICOL REGION,2020
MASBATE,5,0,22/03/2020,REGION V-BICOL REGION,2020
MASBATE,2,0,29/03/2020,REGION V-BICOL REGION,2020
MASBATE,1,0,05/04/2020,REGION V-BICOL REGION,2020
MASBATE,2,0,12/04/2020,REGION V-BICOL REGION,2020
MASBATE,1,0,19/04/2020,REGION V-BICOL REGION,2020
MASBATE,3,0,26/04/2020,REGION V-BICOL REGION,2020
MASBATE,1,0,03/05/2020,REGION V-BICOL REGION,2020
MASBATE,1,0,10/05/2020,REGION V-BICOL REGION,2020
MASBATE,1,0,17/05/2020,REGION V-BICOL REGION,2020
MASBATE,2,0,24/05/2020,REGION V-BICOL REGION,2020
MASBATE,1,0,31/05/2020,REGION V-BICOL REGION,2020
MASBATE,0,0,07/06/2020,REGION V-BICOL REGION,2020
MASBATE,0,0,14/06/2020,REGION V-BICOL REGION,2020
MASBATE,0,0,21/06/2020,REGION V-BICOL REGION,2020
MASBATE,1,0,28/06/2020,REGION V-BICOL REGION,2020
MASBATE,0,0,05/07/2020,REGION V-BICOL REGION,2020
MASBATE,0,0,12/07/2020,REGION V-BICOL REGION,2020
MASBATE,0,0,19/07/2020,REGION V-BICOL REGION,2020
MASBATE,0,0,26/07/2020,REGION V-BICOL REGION,2020
MASBATE,0,0,02/08/2020,REGION V-BICOL REGION,2020
MASBATE,0,0,09/08/2020,REGION V-BICOL REGION,2020
MASBATE,2,0,16/08/2020,REGION V-BICOL REGION,2020
MASBATE,0,0,23/08/2020,REGION V-BICOL REGION,2020
MASBATE,0,0,30/08/2020,REGION V-BICOL REGION,2020
MASBATE,0,0,06/09/2020,REGION V-BICOL REGION,2020
MASBATE,2,0,13/09/2020,REGION V-BICOL REGION,2020
MASBATE,1,0,20/09/2020,REGION V-BICOL REGION,2020
MASBATE,0,0,27/09/2020,REGION V-BICOL REGION,2020
MASBATE,0,0,04/10/2020,REGION V-BICOL REGION,2020
MASBATE,2,0,11/10/2020,REGION V-BICOL REGION,2020
MASBATE,0,0,18/10/2020,REGION V-BICOL REGION,2020
MASBATE,1,0,25/10/2020,REGION V-BICOL REGION,2020
MASBATE,0,0,01/11/2020,REGION V-BICOL REGION,2020
MASBATE,0,0,08/11/2020,REGION V-BICOL REGION,2020
MASBATE,0,0,15/11/2020,REGION V-BICOL REGION,2020
MASBATE,0,0,22/11/2020,REGION V-BICOL REGION,2020
MASBATE,0,0,29/11/2020,REGION V-BICOL REGION,2020
MASBATE,0,0,06/12/2020,REGION V-BICOL REGION,2020
MASBATE,0,0,13/12/2020,REGION V-BICOL REGION,2020
MASBATE,0,0,20/12/2020,REGION V-BICOL REGION,2020
MASBATE,2,0,27/12/2020,REGION V-BICOL REGION,2020
NAGA CITY,10,0,12/01/2020,REGION V-BICOL REGION,2020
NAGA CITY,15,0,19/01/2020,REGION V-BICOL REGION,2020
NAGA CITY,11,0,26/01/2020,REGION V-BICOL REGION,2020
NAGA CITY,14,0,02/02/2020,REGION V-BICOL REGION,2020
NAGA CITY,10,0,09/02/2020,REGION V-BICOL REGION,2020
NAGA CITY,16,0,16/02/2020,REGION V-BICOL REGION,2020
NAGA CITY,5,0,23/02/2020,REGION V-BICOL REGION,2020
NAGA CITY,9,0,01/03/2020,REGION V-BICOL REGION,2020
NAGA CITY,8,0,08/03/2020,REGION V-BICOL REGION,2020
NAGA CITY,6,0,15/03/2020,REGION V-BICOL REGION,2020
NAGA CITY,2,0,22/03/2020,REGION V-BICOL REGION,2020
NAGA CITY,2,0,29/03/2020,REGION V-BICOL REGION,2020
NAGA CITY,2,0,05/04/2020,REGION V-BICOL REGION,2020
NAGA CITY,0,0,12/04/2020,REGION V-BICOL REGION,2020
NAGA CITY,0,0,19/04/2020,REGION V-BICOL REGION,2020
NAGA CITY,1,0,26/04/2020,REGION V-BICOL REGION,2020
NAGA CITY,0,0,03/05/2020,REGION V-BICOL REGION,2020
NAGA CITY,1,0,10/05/2020,REGION V-BICOL REGION,2020
NAGA CITY,0,0,17/05/2020,REGION V-BICOL REGION,2020
NAGA CITY,2,0,24/05/2020,REGION V-BICOL REGION,2020
NAGA CITY,0,0,31/05/2020,REGION V-BICOL REGION,2020
NAGA CITY,0,0,07/06/2020,REGION V-BICOL REGION,2020
NAGA CITY,1,0,14/06/2020,REGION V-BICOL REGION,2020
NAGA CITY,1,0,21/06/2020,REGION V-BICOL REGION,2020
NAGA CITY,0,0,28/06/2020,REGION V-BICOL REGION,2020
NAGA CITY,0,0,05/07/2020,REGION V-BICOL REGION,2020
NAGA CITY,1,0,12/07/2020,REGION V-BICOL REGION,2020
NAGA CITY,1,0,19/07/2020,REGION V-BICOL REGION,2020
NAGA CITY,3,1,26/07/2020,REGION V-BICOL REGION,2020
NAGA CITY,1,0,02/08/2020,REGION V-BICOL REGION,2020
NAGA CITY,1,0,09/08/2020,REGION V-BICOL REGION,2020
NAGA CITY,1,0,16/08/2020,REGION V-BICOL REGION,2020
NAGA CITY,2,0,23/08/2020,REGION V-BICOL REGION,2020
NAGA CITY,0,0,30/08/2020,REGION V-BICOL REGION,2020
NAGA CITY,0,0,06/09/2020,REGION V-BICOL REGION,2020
NAGA CITY,1,0,13/09/2020,REGION V-BICOL REGION,2020
NAGA CITY,1,0,20/09/2020,REGION V-BICOL REGION,2020
NAGA CITY,4,0,27/09/2020,REGION V-BICOL REGION,2020
NAGA CITY,2,0,04/10/2020,REGION V-BICOL REGION,2020
NAGA CITY,3,0,11/10/2020,REGION V-BICOL REGION,2020
NAGA CITY,2,0,18/10/2020,REGION V-BICOL REGION,2020
NAGA CITY,1,0,25/10/2020,REGION V-BICOL REGION,2020
NAGA CITY,1,0,01/11/2020,REGION V-BICOL REGION,2020
NAGA CITY,0,0,08/11/2020,REGION V-BICOL REGION,2020
NAGA CITY,0,0,15/11/2020,REGION V-BICOL REGION,2020
NAGA CITY,0,0,22/11/2020,REGION V-BICOL REGION,2020
NAGA CITY,0,0,29/11/2020,REGION V-BICOL REGION,2020
NAGA CITY,0,0,06/12/2020,REGION V-BICOL REGION,2020
NAGA CITY,4,0,13/12/2020,REGION V-BICOL REGION,2020
NAGA CITY,2,0,20/12/2020,REGION V-BICOL REGION,2020
NAGA CITY,1,0,27/12/2020,REGION V-BICOL REGION,2020
NUEVA ECIJA,183,2,12/01/2020,REGION III-CENTRAL LUZON,2020
NUEVA ECIJA,293,0,19/01/2020,REGION III-CENTRAL LUZON,2020
NUEVA ECIJA,211,0,26/01/2020,REGION III-CENTRAL LUZON,2020
NUEVA ECIJA,227,0,02/02/2020,REGION III-CENTRAL LUZON,2020
NUEVA ECIJA,180,1,09/02/2020,REGION III-CENTRAL LUZON,2020
NUEVA ECIJA,136,0,16/02/2020,REGION III-CENTRAL LUZON,2020
NUEVA ECIJA,99,0,23/02/2020,REGION III-CENTRAL LUZON,2020
NUEVA ECIJA,76,0,01/03/2020,REGION III-CENTRAL LUZON,2020
NUEVA ECIJA,37,0,08/03/2020,REGION III-CENTRAL LUZON,2020
NUEVA ECIJA,35,0,15/03/2020,REGION III-CENTRAL LUZON,2020
NUEVA ECIJA,26,0,22/03/2020,REGION III-CENTRAL LUZON,2020
NUEVA ECIJA,8,0,29/03/2020,REGION III-CENTRAL LUZON,2020
NUEVA ECIJA,2,0,05/04/2020,REGION III-CENTRAL LUZON,2020
NUEVA ECIJA,1,0,12/04/2020,REGION III-CENTRAL LUZON,2020
NUEVA ECIJA,7,0,19/04/2020,REGION III-CENTRAL LUZON,2020
NUEVA ECIJA,2,0,26/04/2020,REGION III-CENTRAL LUZON,2020
NUEVA ECIJA,3,0,03/05/2020,REGION III-CENTRAL LUZON,2020
NUEVA ECIJA,4,0,10/05/2020,REGION III-CENTRAL LUZON,2020
NUEVA ECIJA,4,0,17/05/2020,REGION III-CENTRAL LUZON,2020
NUEVA ECIJA,6,0,24/05/2020,REGION III-CENTRAL LUZON,2020
NUEVA ECIJA,6,0,31/05/2020,REGION III-CENTRAL LUZON,2020
NUEVA ECIJA,2,0,07/06/2020,REGION III-CENTRAL LUZON,2020
NUEVA ECIJA,5,0,14/06/2020,REGION III-CENTRAL LUZON,2020
NUEVA ECIJA,15,0,21/06/2020,REGION III-CENTRAL LUZON,2020
NUEVA ECIJA,22,0,28/06/2020,REGION III-CENTRAL LUZON,2020
NUEVA ECIJA,18,2,05/07/2020,REGION III-CENTRAL LUZON,2020
NUEVA ECIJA,30,0,12/07/2020,REGION III-CENTRAL LUZON,2020
NUEVA ECIJA,34,0,19/07/2020,REGION III-CENTRAL LUZON,2020
NUEVA ECIJA,42,1,26/07/2020,REGION III-CENTRAL LUZON,2020
NUEVA ECIJA,57,0,02/08/2020,REGION III-CENTRAL LUZON,2020
NUEVA ECIJA,53,0,09/08/2020,REGION III-CENTRAL LUZON,2020
NUEVA ECIJA,36,0,16/08/2020,REGION III-CENTRAL LUZON,2020
NUEVA ECIJA,52,0,23/08/2020,REGION III-CENTRAL LUZON,2020
NUEVA ECIJA,40,0,30/08/2020,REGION III-CENTRAL LUZON,2020
NUEVA ECIJA,45,0,06/09/2020,REGION III-CENTRAL LUZON,2020
NUEVA ECIJA,33,0,13/09/2020,REGION III-CENTRAL LUZON,2020
NUEVA ECIJA,45,0,20/09/2020,REGION III-CENTRAL LUZON,2020
NUEVA ECIJA,54,0,27/09/2020,REGION III-CENTRAL LUZON,2020
NUEVA ECIJA,39,1,04/10/2020,REGION III-CENTRAL LUZON,2020
NUEVA ECIJA,36,0,11/10/2020,REGION III-CENTRAL LUZON,2020
NUEVA ECIJA,33,0,18/10/2020,REGION III-CENTRAL LUZON,2020
NUEVA ECIJA,48,0,25/10/2020,REGION III-CENTRAL LUZON,2020
NUEVA ECIJA,54,0,01/11/2020,REGION III-CENTRAL LUZON,2020
NUEVA ECIJA,43,0,08/11/2020,REGION III-CENTRAL LUZON,2020
NUEVA ECIJA,64,0,15/11/2020,REGION III-CENTRAL LUZON,2020
NUEVA ECIJA,65,0,22/11/2020,REGION III-CENTRAL LUZON,2020
NUEVA ECIJA,82,0,29/11/2020,REGION III-CENTRAL LUZON,2020
NUEVA ECIJA,104,1,06/12/2020,REGION III-CENTRAL LUZON,2020
NUEVA ECIJA,126,0,13/12/2020,REGION III-CENTRAL LUZON,2020
NUEVA ECIJA,146,0,20/12/2020,REGION III-CENTRAL LUZON,2020
NUEVA ECIJA,146,0,27/12/2020,REGION III-CENTRAL LUZON,2020
NUEVA VISCAYA,6,0,12/01/2020,Region II-CAGAYAN VALLEY,2020
NUEVA VISCAYA,22,0,19/01/2020,Region II-CAGAYAN VALLEY,2020
NUEVA VISCAYA,37,0,26/01/2020,Region II-CAGAYAN VALLEY,2020
NUEVA VISCAYA,23,0,02/02/2020,Region II-CAGAYAN VALLEY,2020
NUEVA VISCAYA,34,0,09/02/2020,Region II-CAGAYAN VALLEY,2020
NUEVA VISCAYA,26,0,16/02/2020,Region II-CAGAYAN VALLEY,2020
NUEVA VISCAYA,12,0,23/02/2020,Region II-CAGAYAN VALLEY,2020
NUEVA VISCAYA,5,0,01/03/2020,Region II-CAGAYAN VALLEY,2020
NUEVA VISCAYA,4,0,08/03/2020,Region II-CAGAYAN VALLEY,2020
NUEVA VISCAYA,2,0,15/03/2020,Region II-CAGAYAN VALLEY,2020
NUEVA VISCAYA,0,0,22/03/2020,Region II-CAGAYAN VALLEY,2020
NUEVA VISCAYA,0,0,29/03/2020,Region II-CAGAYAN VALLEY,2020
NUEVA VISCAYA,0,0,05/04/2020,Region II-CAGAYAN VALLEY,2020
NUEVA VISCAYA,1,0,12/04/2020,Region II-CAGAYAN VALLEY,2020
NUEVA VISCAYA,1,0,19/04/2020,Region II-CAGAYAN VALLEY,2020
NUEVA VISCAYA,2,0,26/04/2020,Region II-CAGAYAN VALLEY,2020
NUEVA VISCAYA,1,0,03/05/2020,Region II-CAGAYAN VALLEY,2020
NUEVA VISCAYA,2,0,10/05/2020,Region II-CAGAYAN VALLEY,2020
NUEVA VISCAYA,1,0,17/05/2020,Region II-CAGAYAN VALLEY,2020
NUEVA VISCAYA,1,0,24/05/2020,Region II-CAGAYAN VALLEY,2020
NUEVA VISCAYA,0,0,31/05/2020,Region II-CAGAYAN VALLEY,2020
NUEVA VISCAYA,3,0,07/06/2020,Region II-CAGAYAN VALLEY,2020
NUEVA VISCAYA,1,0,14/06/2020,Region II-CAGAYAN VALLEY,2020
NUEVA VISCAYA,2,0,21/06/2020,Region II-CAGAYAN VALLEY,2020
NUEVA VISCAYA,3,0,28/06/2020,Region II-CAGAYAN VALLEY,2020
NUEVA VISCAYA,3,0,05/07/2020,Region II-CAGAYAN VALLEY,2020
NUEVA VISCAYA,4,0,12/07/2020,Region II-CAGAYAN VALLEY,2020
NUEVA VISCAYA,8,0,19/07/2020,Region II-CAGAYAN VALLEY,2020
NUEVA VISCAYA,9,0,26/07/2020,Region II-CAGAYAN VALLEY,2020
NUEVA VISCAYA,11,0,02/08/2020,Region II-CAGAYAN VALLEY,2020
NUEVA VISCAYA,5,0,09/08/2020,Region II-CAGAYAN VALLEY,2020
NUEVA VISCAYA,10,0,16/08/2020,Region II-CAGAYAN VALLEY,2020
NUEVA VISCAYA,4,0,23/08/2020,Region II-CAGAYAN VALLEY,2020
NUEVA VISCAYA,6,0,30/08/2020,Region II-CAGAYAN VALLEY,2020
NUEVA VISCAYA,5,0,06/09/2020,Region II-CAGAYAN VALLEY,2020
NUEVA VISCAYA,2,0,13/09/2020,Region II-CAGAYAN VALLEY,2020
NUEVA VISCAYA,1,0,20/09/2020,Region II-CAGAYAN VALLEY,2020
NUEVA VISCAYA,7,0,27/09/2020,Region II-CAGAYAN VALLEY,2020
NUEVA VISCAYA,2,0,04/10/2020,Region II-CAGAYAN VALLEY,2020
NUEVA VISCAYA,5,0,11/10/2020,Region II-CAGAYAN VALLEY,2020
NUEVA VISCAYA,7,0,18/10/2020,Region II-CAGAYAN VALLEY,2020
NUEVA VISCAYA,3,0,25/10/2020,Region II-CAGAYAN VALLEY,2020
NUEVA VISCAYA,5,0,01/11/2020,Region II-CAGAYAN VALLEY,2020
NUEVA VISCAYA,4,0,08/11/2020,Region II-CAGAYAN VALLEY,2020
NUEVA VISCAYA,10,0,15/11/2020,Region II-CAGAYAN VALLEY,2020
NUEVA VISCAYA,6,0,22/11/2020,Region II-CAGAYAN VALLEY,2020
NUEVA VISCAYA,7,0,29/11/2020,Region II-CAGAYAN VALLEY,2020
NUEVA VISCAYA,4,0,06/12/2020,Region II-CAGAYAN VALLEY,2020
NUEVA VISCAYA,2,0,13/12/2020,Region II-CAGAYAN VALLEY,2020
NUEVA VISCAYA,2,0,20/12/2020,Region II-CAGAYAN VALLEY,2020
NUEVA VISCAYA,2,0,27/12/2020,Region II-CAGAYAN VALLEY,2020
OCCIDENTAL MINDORO,2,0,12/01/2020,REGION IVB-MIMAROPA,2020
OCCIDENTAL MINDORO,44,0,19/01/2020,REGION IVB-MIMAROPA,2020
OCCIDENTAL MINDORO,31,0,26/01/2020,REGION IVB-MIMAROPA,2020
OCCIDENTAL MINDORO,34,0,02/02/2020,REGION IVB-MIMAROPA,2020
OCCIDENTAL MINDORO,35,0,09/02/2020,REGION IVB-MIMAROPA,2020
OCCIDENTAL MINDORO,35,0,16/02/2020,REGION IVB-MIMAROPA,2020
OCCIDENTAL MINDORO,26,1,23/02/2020,REGION IVB-MIMAROPA,2020
OCCIDENTAL MINDORO,42,0,01/03/2020,REGION IVB-MIMAROPA,2020
OCCIDENTAL MINDORO,25,0,08/03/2020,REGION IVB-MIMAROPA,2020
OCCIDENTAL MINDORO,43,0,15/03/2020,REGION IVB-MIMAROPA,2020
OCCIDENTAL MINDORO,28,0,22/03/2020,REGION IVB-MIMAROPA,2020
OCCIDENTAL MINDORO,2,0,29/03/2020,REGION IVB-MIMAROPA,2020
OCCIDENTAL MINDORO,4,0,05/04/2020,REGION IVB-MIMAROPA,2020
OCCIDENTAL MINDORO,2,0,12/04/2020,REGION IVB-MIMAROPA,2020
OCCIDENTAL MINDORO,0,0,19/04/2020,REGION IVB-MIMAROPA,2020
OCCIDENTAL MINDORO,1,0,26/04/2020,REGION IVB-MIMAROPA,2020
OCCIDENTAL MINDORO,0,0,03/05/2020,REGION IVB-MIMAROPA,2020
OCCIDENTAL MINDORO,0,0,10/05/2020,REGION IVB-MIMAROPA,2020
OCCIDENTAL MINDORO,0,0,17/05/2020,REGION IVB-MIMAROPA,2020
OCCIDENTAL MINDORO,0,0,24/05/2020,REGION IVB-MIMAROPA,2020
OCCIDENTAL MINDORO,0,0,31/05/2020,REGION IVB-MIMAROPA,2020
OCCIDENTAL MINDORO,1,0,07/06/2020,REGION IVB-MIMAROPA,2020
OCCIDENTAL MINDORO,1,0,14/06/2020,REGION IVB-MIMAROPA,2020
OCCIDENTAL MINDORO,0,0,21/06/2020,REGION IVB-MIMAROPA,2020
OCCIDENTAL MINDORO,2,0,28/06/2020,REGION IVB-MIMAROPA,2020
OCCIDENTAL MINDORO,4,0,05/07/2020,REGION IVB-MIMAROPA,2020
OCCIDENTAL MINDORO,4,0,12/07/2020,REGION IVB-MIMAROPA,2020
OCCIDENTAL MINDORO,1,0,19/07/2020,REGION IVB-MIMAROPA,2020
OCCIDENTAL MINDORO,3,0,26/07/2020,REGION IVB-MIMAROPA,2020
OCCIDENTAL MINDORO,8,0,02/08/2020,REGION IVB-MIMAROPA,2020
OCCIDENTAL MINDORO,8,0,09/08/2020,REGION IVB-MIMAROPA,2020
OCCIDENTAL MINDORO,9,0,16/08/2020,REGION IVB-MIMAROPA,2020
OCCIDENTAL MINDORO,10,0,23/08/2020,REGION IVB-MIMAROPA,2020
OCCIDENTAL MINDORO,3,0,30/08/2020,REGION IVB-MIMAROPA,2020
OCCIDENTAL MINDORO,6,0,06/09/2020,REGION IVB-MIMAROPA,2020
OCCIDENTAL MINDORO,3,0,13/09/2020,REGION IVB-MIMAROPA,2020
OCCIDENTAL MINDORO,2,0,20/09/2020,REGION IVB-MIMAROPA,2020
OCCIDENTAL MINDORO,0,0,27/09/2020,REGION IVB-MIMAROPA,2020
OCCIDENTAL MINDORO,0,0,04/10/2020,REGION IVB-MIMAROPA,2020
OCCIDENTAL MINDORO,1,0,11/10/2020,REGION IVB-MIMAROPA,2020
OCCIDENTAL MINDORO,0,0,18/10/2020,REGION IVB-MIMAROPA,2020
OCCIDENTAL MINDORO,3,0,25/10/2020,REGION IVB-MIMAROPA,2020
OCCIDENTAL MINDORO,5,1,01/11/2020,REGION IVB-MIMAROPA,2020
OCCIDENTAL MINDORO,3,0,08/11/2020,REGION IVB-MIMAROPA,2020
OCCIDENTAL MINDORO,1,0,15/11/2020,REGION IVB-MIMAROPA,2020
OCCIDENTAL MINDORO,6,0,22/11/2020,REGION IVB-MIMAROPA,2020
OCCIDENTAL MINDORO,3,0,29/11/2020,REGION IVB-MIMAROPA,2020
OCCIDENTAL MINDORO,5,0,06/12/2020,REGION IVB-MIMAROPA,2020
OCCIDENTAL MINDORO,1,0,13/12/2020,REGION IVB-MIMAROPA,2020
OCCIDENTAL MINDORO,4,0,20/12/2020,REGION IVB-MIMAROPA,2020
OCCIDENTAL MINDORO,0,0,27/12/2020,REGION IVB-MIMAROPA,2020
OLONGAPO CITY,6,0,12/01/2020,REGION III-CENTRAL LUZON,2020
OLONGAPO CITY,10,0,19/01/2020,REGION III-CENTRAL LUZON,2020
OLONGAPO CITY,11,0,26/01/2020,REGION III-CENTRAL LUZON,2020
OLONGAPO CITY,6,0,02/02/2020,REGION III-CENTRAL LUZON,2020
OLONGAPO CITY,1,0,09/02/2020,REGION III-CENTRAL LUZON,2020
OLONGAPO CITY,0,0,16/02/2020,REGION III-CENTRAL LUZON,2020
OLONGAPO CITY,2,0,23/02/2020,REGION III-CENTRAL LUZON,2020
OLONGAPO CITY,2,0,01/03/2020,REGION III-CENTRAL LUZON,2020
OLONGAPO CITY,0,0,08/03/2020,REGION III-CENTRAL LUZON,2020
OLONGAPO CITY,2,0,15/03/2020,REGION III-CENTRAL LUZON,2020
OLONGAPO CITY,0,0,22/03/2020,REGION III-CENTRAL LUZON,2020
OLONGAPO CITY,1,0,29/03/2020,REGION III-CENTRAL LUZON,2020
OLONGAPO CITY,1,0,05/04/2020,REGION III-CENTRAL LUZON,2020
OLONGAPO CITY,1,0,12/04/2020,REGION III-CENTRAL LUZON,2020
OLONGAPO CITY,0,0,19/04/2020,REGION III-CENTRAL LUZON,2020
OLONGAPO CITY,0,0,26/04/2020,REGION III-CENTRAL LUZON,2020
OLONGAPO CITY,0,0,03/05/2020,REGION III-CENTRAL LUZON,2020
OLONGAPO CITY,0,0,10/05/2020,REGION III-CENTRAL LUZON,2020
OLONGAPO CITY,0,0,17/05/2020,REGION III-CENTRAL LUZON,2020
OLONGAPO CITY,0,0,24/05/2020,REGION III-CENTRAL LUZON,2020
OLONGAPO CITY,0,0,31/05/2020,REGION III-CENTRAL LUZON,2020
OLONGAPO CITY,0,0,07/06/2020,REGION III-CENTRAL LUZON,2020
OLONGAPO CITY,0,0,14/06/2020,REGION III-CENTRAL LUZON,2020
OLONGAPO CITY,1,0,21/06/2020,REGION III-CENTRAL LUZON,2020
OLONGAPO CITY,0,0,28/06/2020,REGION III-CENTRAL LUZON,2020
OLONGAPO CITY,0,0,05/07/2020,REGION III-CENTRAL LUZON,2020
OLONGAPO CITY,0,0,12/07/2020,REGION III-CENTRAL LUZON,2020
OLONGAPO CITY,1,0,19/07/2020,REGION III-CENTRAL LUZON,2020
OLONGAPO CITY,1,0,26/07/2020,REGION III-CENTRAL LUZON,2020
OLONGAPO CITY,1,0,02/08/2020,REGION III-CENTRAL LUZON,2020
OLONGAPO CITY,2,0,09/08/2020,REGION III-CENTRAL LUZON,2020
OLONGAPO CITY,2,0,16/08/2020,REGION III-CENTRAL LUZON,2020
OLONGAPO CITY,0,0,23/08/2020,REGION III-CENTRAL LUZON,2020
OLONGAPO CITY,3,0,30/08/2020,REGION III-CENTRAL LUZON,2020
OLONGAPO CITY,0,0,06/09/2020,REGION III-CENTRAL LUZON,2020
OLONGAPO CITY,0,0,13/09/2020,REGION III-CENTRAL LUZON,2020
OLONGAPO CITY,2,0,20/09/2020,REGION III-CENTRAL LUZON,2020
OLONGAPO CITY,2,0,27/09/2020,REGION III-CENTRAL LUZON,2020
OLONGAPO CITY,4,0,04/10/2020,REGION III-CENTRAL LUZON,2020
OLONGAPO CITY,1,0,11/10/2020,REGION III-CENTRAL LUZON,2020
OLONGAPO CITY,0,0,18/10/2020,REGION III-CENTRAL LUZON,2020
OLONGAPO CITY,2,0,25/10/2020,REGION III-CENTRAL LUZON,2020
OLONGAPO CITY,1,0,01/11/2020,REGION III-CENTRAL LUZON,2020
OLONGAPO CITY,6,0,08/11/2020,REGION III-CENTRAL LUZON,2020
OLONGAPO CITY,2,0,15/11/2020,REGION III-CENTRAL LUZON,2020
OLONGAPO CITY,2,0,22/11/2020,REGION III-CENTRAL LUZON,2020
OLONGAPO CITY,3,0,29/11/2020,REGION III-CENTRAL LUZON,2020
OLONGAPO CITY,2,0,06/12/2020,REGION III-CENTRAL LUZON,2020
OLONGAPO CITY,4,0,13/12/2020,REGION III-CENTRAL LUZON,2020
OLONGAPO CITY,0,0,20/12/2020,REGION III-CENTRAL LUZON,2020
OLONGAPO CITY,1,0,27/12/2020,REGION III-CENTRAL LUZON,2020
ORIENTAL MINDORO,19,0,12/01/2020,REGION IVB-MIMAROPA,2020
ORIENTAL MINDORO,60,0,19/01/2020,REGION IVB-MIMAROPA,2020
ORIENTAL MINDORO,51,0,26/01/2020,REGION IVB-MIMAROPA,2020
ORIENTAL MINDORO,50,0,02/02/2020,REGION IVB-MIMAROPA,2020
ORIENTAL MINDORO,76,0,09/02/2020,REGION IVB-MIMAROPA,2020
ORIENTAL MINDORO,66,0,16/02/2020,REGION IVB-MIMAROPA,2020
ORIENTAL MINDORO,62,0,23/02/2020,REGION IVB-MIMAROPA,2020
ORIENTAL MINDORO,58,0,01/03/2020,REGION IVB-MIMAROPA,2020
ORIENTAL MINDORO,50,0,08/03/2020,REGION IVB-MIMAROPA,2020
ORIENTAL MINDORO,62,0,15/03/2020,REGION IVB-MIMAROPA,2020
ORIENTAL MINDORO,45,2,22/03/2020,REGION IVB-MIMAROPA,2020
ORIENTAL MINDORO,23,0,29/03/2020,REGION IVB-MIMAROPA,2020
ORIENTAL MINDORO,8,0,05/04/2020,REGION IVB-MIMAROPA,2020
ORIENTAL MINDORO,5,0,12/04/2020,REGION IVB-MIMAROPA,2020
ORIENTAL MINDORO,3,0,19/04/2020,REGION IVB-MIMAROPA,2020
ORIENTAL MINDORO,1,0,26/04/2020,REGION IVB-MIMAROPA,2020
ORIENTAL MINDORO,2,0,03/05/2020,REGION IVB-MIMAROPA,2020
ORIENTAL MINDORO,3,0,10/05/2020,REGION IVB-MIMAROPA,2020
ORIENTAL MINDORO,8,0,17/05/2020,REGION IVB-MIMAROPA,2020
ORIENTAL MINDORO,6,0,24/05/2020,REGION IVB-MIMAROPA,2020
ORIENTAL MINDORO,7,0,31/05/2020,REGION IVB-MIMAROPA,2020
ORIENTAL MINDORO,6,0,07/06/2020,REGION IVB-MIMAROPA,2020
ORIENTAL MINDORO,2,0,14/06/2020,REGION IVB-MIMAROPA,2020
ORIENTAL MINDORO,5,0,21/06/2020,REGION IVB-MIMAROPA,2020
ORIENTAL MINDORO,15,0,28/06/2020,REGION IVB-MIMAROPA,2020
ORIENTAL MINDORO,10,0,05/07/2020,REGION IVB-MIMAROPA,2020
ORIENTAL MINDORO,19,0,12/07/2020,REGION IVB-MIMAROPA,2020
ORIENTAL MINDORO,34,0,19/07/2020,REGION IVB-MIMAROPA,2020
ORIENTAL MINDORO,33,0,26/07/2020,REGION IVB-MIMAROPA,2020
ORIENTAL MINDORO,39,1,02/08/2020,REGION IVB-MIMAROPA,2020
ORIENTAL MINDORO,30,0,09/08/2020,REGION IVB-MIMAROPA,2020
ORIENTAL MINDORO,22,0,16/08/2020,REGION IVB-MIMAROPA,2020
ORIENTAL MINDORO,27,0,23/08/2020,REGION IVB-MIMAROPA,2020
ORIENTAL MINDORO,23,0,30/08/2020,REGION IVB-MIMAROPA,2020
ORIENTAL MINDORO,7,0,06/09/2020,REGION IVB-MIMAROPA,2020
ORIENTAL MINDORO,6,0,13/09/2020,REGION IVB-MIMAROPA,2020
ORIENTAL MINDORO,12,0,20/09/2020,REGION IVB-MIMAROPA,2020
ORIENTAL MINDORO,8,0,27/09/2020,REGION IVB-MIMAROPA,2020
ORIENTAL MINDORO,2,0,04/10/2020,REGION IVB-MIMAROPA,2020
ORIENTAL MINDORO,8,0,11/10/2020,REGION IVB-MIMAROPA,2020
ORIENTAL MINDORO,8,0,18/10/2020,REGION IVB-MIMAROPA,2020
ORIENTAL MINDORO,9,0,25/10/2020,REGION IVB-MIMAROPA,2020
ORIENTAL MINDORO,8,0,01/11/2020,REGION IVB-MIMAROPA,2020
ORIENTAL MINDORO,4,0,08/11/2020,REGION IVB-MIMAROPA,2020
ORIENTAL MINDORO,4,0,15/11/2020,REGION IVB-MIMAROPA,2020
ORIENTAL MINDORO,14,0,22/11/2020,REGION IVB-MIMAROPA,2020
ORIENTAL MINDORO,19,0,29/11/2020,REGION IVB-MIMAROPA,2020
ORIENTAL MINDORO,17,0,06/12/2020,REGION IVB-MIMAROPA,2020
ORIENTAL MINDORO,7,0,13/12/2020,REGION IVB-MIMAROPA,2020
ORIENTAL MINDORO,11,0,20/12/2020,REGION IVB-MIMAROPA,2020
ORIENTAL MINDORO,9,0,27/12/2020,REGION IVB-MIMAROPA,2020
PALAWAN,2,0,12/01/2020,REGION IVB-MIMAROPA,2020
PALAWAN,33,0,19/01/2020,REGION IVB-MIMAROPA,2020
PALAWAN,14,0,26/01/2020,REGION IVB-MIMAROPA,2020
PALAWAN,18,0,02/02/2020,REGION IVB-MIMAROPA,2020
PALAWAN,22,1,09/02/2020,REGION IVB-MIMAROPA,2020
PALAWAN,39,0,16/02/2020,REGION IVB-MIMAROPA,2020
PALAWAN,25,0,23/02/2020,REGION IVB-MIMAROPA,2020
PALAWAN,25,0,01/03/2020,REGION IVB-MIMAROPA,2020
PALAWAN,25,0,08/03/2020,REGION IVB-MIMAROPA,2020
PALAWAN,15,0,15/03/2020,REGION IVB-MIMAROPA,2020
PALAWAN,14,0,22/03/2020,REGION IVB-MIMAROPA,2020
PALAWAN,9,0,29/03/2020,REGION IVB-MIMAROPA,2020
PALAWAN,7,0,05/04/2020,REGION IVB-MIMAROPA,2020
PALAWAN,9,0,12/04/2020,REGION IVB-MIMAROPA,2020
PALAWAN,6,0,19/04/2020,REGION IVB-MIMAROPA,2020
PALAWAN,5,0,26/04/2020,REGION IVB-MIMAROPA,2020
PALAWAN,8,0,03/05/2020,REGION IVB-MIMAROPA,2020
PALAWAN,7,0,10/05/2020,REGION IVB-MIMAROPA,2020
PALAWAN,18,0,17/05/2020,REGION IVB-MIMAROPA,2020
PALAWAN,23,0,24/05/2020,REGION IVB-MIMAROPA,2020
PALAWAN,14,0,31/05/2020,REGION IVB-MIMAROPA,2020
PALAWAN,29,0,07/06/2020,REGION IVB-MIMAROPA,2020
PALAWAN,29,0,14/06/2020,REGION IVB-MIMAROPA,2020
PALAWAN,38,0,21/06/2020,REGION IVB-MIMAROPA,2020
PALAWAN,57,0,28/06/2020,REGION IVB-MIMAROPA,2020
PALAWAN,58,0,05/07/2020,REGION IVB-MIMAROPA,2020
PALAWAN,59,0,12/07/2020,REGION IVB-MIMAROPA,2020
PALAWAN,88,0,19/07/2020,REGION IVB-MIMAROPA,2020
PALAWAN,105,0,26/07/2020,REGION IVB-MIMAROPA,2020
PALAWAN,164,0,02/08/2020,REGION IVB-MIMAROPA,2020
PALAWAN,133,0,09/08/2020,REGION IVB-MIMAROPA,2020
PALAWAN,134,0,16/08/2020,REGION IVB-MIMAROPA,2020
PALAWAN,121,0,23/08/2020,REGION IVB-MIMAROPA,2020
PALAWAN,37,0,30/08/2020,REGION IVB-MIMAROPA,2020
PALAWAN,71,0,06/09/2020,REGION IVB-MIMAROPA,2020
PALAWAN,95,0,13/09/2020,REGION IVB-MIMAROPA,2020
PALAWAN,73,0,20/09/2020,REGION IVB-MIMAROPA,2020
PALAWAN,75,0,27/09/2020,REGION IVB-MIMAROPA,2020
PALAWAN,64,1,04/10/2020,REGION IVB-MIMAROPA,2020
PALAWAN,67,0,11/10/2020,REGION IVB-MIMAROPA,2020
PALAWAN,65,0,18/10/2020,REGION IVB-MIMAROPA,2020
PALAWAN,45,0,25/10/2020,REGION IVB-MIMAROPA,2020
PALAWAN,45,1,01/11/2020,REGION IVB-MIMAROPA,2020
PALAWAN,29,10,08/11/2020,REGION IVB-MIMAROPA,2020
PALAWAN,34,1,15/11/2020,REGION IVB-MIMAROPA,2020
PALAWAN,21,0,22/11/2020,REGION IVB-MIMAROPA,2020
PALAWAN,34,0,29/11/2020,REGION IVB-MIMAROPA,2020
PALAWAN,29,0,06/12/2020,REGION IVB-MIMAROPA,2020
PALAWAN,16,0,13/12/2020,REGION IVB-MIMAROPA,2020
PALAWAN,9,0,20/12/2020,REGION IVB-MIMAROPA,2020
PALAWAN,4,0,27/12/2020,REGION IVB-MIMAROPA,2020
PAMPANGA,120,0,12/01/2020,REGION III-CENTRAL LUZON,2020
PAMPANGA,262,0,19/01/2020,REGION III-CENTRAL LUZON,2020
PAMPANGA,196,0,26/01/2020,REGION III-CENTRAL LUZON,2020
PAMPANGA,246,2,02/02/2020,REGION III-CENTRAL LUZON,2020
PAMPANGA,257,1,09/02/2020,REGION III-CENTRAL LUZON,2020
PAMPANGA,155,2,16/02/2020,REGION III-CENTRAL LUZON,2020
PAMPANGA,139,1,23/02/2020,REGION III-CENTRAL LUZON,2020
PAMPANGA,97,2,01/03/2020,REGION III-CENTRAL LUZON,2020
PAMPANGA,71,0,08/03/2020,REGION III-CENTRAL LUZON,2020
PAMPANGA,76,0,15/03/2020,REGION III-CENTRAL LUZON,2020
PAMPANGA,69,1,22/03/2020,REGION III-CENTRAL LUZON,2020
PAMPANGA,37,0,29/03/2020,REGION III-CENTRAL LUZON,2020
PAMPANGA,38,0,05/04/2020,REGION III-CENTRAL LUZON,2020
PAMPANGA,13,0,12/04/2020,REGION III-CENTRAL LUZON,2020
PAMPANGA,19,0,19/04/2020,REGION III-CENTRAL LUZON,2020
PAMPANGA,14,0,26/04/2020,REGION III-CENTRAL LUZON,2020
PAMPANGA,12,0,03/05/2020,REGION III-CENTRAL LUZON,2020
PAMPANGA,5,0,10/05/2020,REGION III-CENTRAL LUZON,2020
PAMPANGA,11,0,17/05/2020,REGION III-CENTRAL LUZON,2020
PAMPANGA,9,0,24/05/2020,REGION III-CENTRAL LUZON,2020
PAMPANGA,12,0,31/05/2020,REGION III-CENTRAL LUZON,2020
PAMPANGA,8,0,07/06/2020,REGION III-CENTRAL LUZON,2020
PAMPANGA,10,0,14/06/2020,REGION III-CENTRAL LUZON,2020
PAMPANGA,4,0,21/06/2020,REGION III-CENTRAL LUZON,2020
PAMPANGA,6,0,28/06/2020,REGION III-CENTRAL LUZON,2020
PAMPANGA,25,1,05/07/2020,REGION III-CENTRAL LUZON,2020
PAMPANGA,5,0,12/07/2020,REGION III-CENTRAL LUZON,2020
PAMPANGA,17,1,19/07/2020,REGION III-CENTRAL LUZON,2020
PAMPANGA,17,1,26/07/2020,REGION III-CENTRAL LUZON,2020
PAMPANGA,15,0,02/08/2020,REGION III-CENTRAL LUZON,2020
PAMPANGA,28,1,09/08/2020,REGION III-CENTRAL LUZON,2020
PAMPANGA,22,0,16/08/2020,REGION III-CENTRAL LUZON,2020
PAMPANGA,17,0,23/08/2020,REGION III-CENTRAL LUZON,2020
PAMPANGA,37,0,30/08/2020,REGION III-CENTRAL LUZON,2020
PAMPANGA,25,0,06/09/2020,REGION III-CENTRAL LUZON,2020
PAMPANGA,37,0,13/09/2020,REGION III-CENTRAL LUZON,2020
PAMPANGA,63,1,20/09/2020,REGION III-CENTRAL LUZON,2020
PAMPANGA,61,0,27/09/2020,REGION III-CENTRAL LUZON,2020
PAMPANGA,65,0,04/10/2020,REGION III-CENTRAL LUZON,2020
PAMPANGA,58,0,11/10/2020,REGION III-CENTRAL LUZON,2020
PAMPANGA,67,0,18/10/2020,REGION III-CENTRAL LUZON,2020
PAMPANGA,61,1,25/10/2020,REGION III-CENTRAL LUZON,2020
PAMPANGA,61,0,01/11/2020,REGION III-CENTRAL LUZON,2020
PAMPANGA,87,0,08/11/2020,REGION III-CENTRAL LUZON,2020
PAMPANGA,82,0,15/11/2020,REGION III-CENTRAL LUZON,2020
PAMPANGA,89,1,22/11/2020,REGION III-CENTRAL LUZON,2020
PAMPANGA,155,0,29/11/2020,REGION III-CENTRAL LUZON,2020
PAMPANGA,224,1,06/12/2020,REGION III-CENTRAL LUZON,2020
PAMPANGA,189,0,13/12/2020,REGION III-CENTRAL LUZON,2020
PAMPANGA,219,2,20/12/2020,REGION III-CENTRAL LUZON,2020
PAMPANGA,179,2,27/12/2020,REGION III-CENTRAL LUZON,2020
PANGASINAN,89,1,12/01/2020,Region I-ILOCOS REGION,2020
PANGASINAN,99,0,19/01/2020,Region I-ILOCOS REGION,2020
PANGASINAN,73,0,26/01/2020,Region I-ILOCOS REGION,2020
PANGASINAN,86,0,02/02/2020,Region I-ILOCOS REGION,2020
PANGASINAN,66,1,09/02/2020,Region I-ILOCOS REGION,2020
PANGASINAN,63,0,16/02/2020,Region I-ILOCOS REGION,2020
PANGASINAN,87,0,23/02/2020,Region I-ILOCOS REGION,2020
PANGASINAN,89,4,01/03/2020,Region I-ILOCOS REGION,2020
PANGASINAN,63,0,08/03/2020,Region I-ILOCOS REGION,2020
PANGASINAN,41,0,15/03/2020,Region I-ILOCOS REGION,2020
PANGASINAN,43,1,22/03/2020,Region I-ILOCOS REGION,2020
PANGASINAN,23,0,29/03/2020,Region I-ILOCOS REGION,2020
PANGASINAN,8,0,05/04/2020,Region I-ILOCOS REGION,2020
PANGASINAN,3,0,12/04/2020,Region I-ILOCOS REGION,2020
PANGASINAN,8,0,19/04/2020,Region I-ILOCOS REGION,2020
PANGASINAN,6,2,26/04/2020,Region I-ILOCOS REGION,2020
PANGASINAN,6,0,03/05/2020,Region I-ILOCOS REGION,2020
PANGASINAN,14,0,10/05/2020,Region I-ILOCOS REGION,2020
PANGASINAN,14,0,17/05/2020,Region I-ILOCOS REGION,2020
PANGASINAN,13,0,24/05/2020,Region I-ILOCOS REGION,2020
PANGASINAN,14,0,31/05/2020,Region I-ILOCOS REGION,2020
PANGASINAN,10,0,07/06/2020,Region I-ILOCOS REGION,2020
PANGASINAN,23,0,14/06/2020,Region I-ILOCOS REGION,2020
PANGASINAN,44,0,21/06/2020,Region I-ILOCOS REGION,2020
PANGASINAN,63,1,28/06/2020,Region I-ILOCOS REGION,2020
PANGASINAN,70,0,05/07/2020,Region I-ILOCOS REGION,2020
PANGASINAN,67,1,12/07/2020,Region I-ILOCOS REGION,2020
PANGASINAN,92,1,19/07/2020,Region I-ILOCOS REGION,2020
PANGASINAN,112,0,26/07/2020,Region I-ILOCOS REGION,2020
PANGASINAN,118,0,02/08/2020,Region I-ILOCOS REGION,2020
PANGASINAN,127,0,09/08/2020,Region I-ILOCOS REGION,2020
PANGASINAN,149,0,16/08/2020,Region I-ILOCOS REGION,2020
PANGASINAN,137,0,23/08/2020,Region I-ILOCOS REGION,2020
PANGASINAN,156,0,30/08/2020,Region I-ILOCOS REGION,2020
PANGASINAN,183,1,06/09/2020,Region I-ILOCOS REGION,2020
PANGASINAN,170,0,13/09/2020,Region I-ILOCOS REGION,2020
PANGASINAN,212,0,20/09/2020,Region I-ILOCOS REGION,2020
PANGASINAN,170,0,27/09/2020,Region I-ILOCOS REGION,2020
PANGASINAN,118,1,04/10/2020,Region I-ILOCOS REGION,2020
PANGASINAN,90,0,11/10/2020,Region I-ILOCOS REGION,2020
PANGASINAN,158,0,18/10/2020,Region I-ILOCOS REGION,2020
PANGASINAN,138,0,25/10/2020,Region I-ILOCOS REGION,2020
PANGASINAN,157,0,01/11/2020,Region I-ILOCOS REGION,2020
PANGASINAN,154,0,08/11/2020,Region I-ILOCOS REGION,2020
PANGASINAN,178,0,15/11/2020,Region I-ILOCOS REGION,2020
PANGASINAN,175,0,22/11/2020,Region I-ILOCOS REGION,2020
PANGASINAN,177,0,29/11/2020,Region I-ILOCOS REGION,2020
PANGASINAN,221,1,06/12/2020,Region I-ILOCOS REGION,2020
PANGASINAN,201,0,13/12/2020,Region I-ILOCOS REGION,2020
PANGASINAN,179,0,20/12/2020,Region I-ILOCOS REGION,2020
PANGASINAN,172,0,27/12/2020,Region I-ILOCOS REGION,2020
PUERTO PRINCESA CITY,84,0,06/09/2020,REGION IVB-MIMAROPA,2020
PUERTO PRINCESA CITY,75,1,13/09/2020,REGION IVB-MIMAROPA,2020
PUERTO PRINCESA CITY,80,0,20/09/2020,REGION IVB-MIMAROPA,2020
PUERTO PRINCESA CITY,78,0,27/09/2020,REGION IVB-MIMAROPA,2020
PUERTO PRINCESA CITY,36,0,04/10/2020,REGION IVB-MIMAROPA,2020
PUERTO PRINCESA CITY,43,0,11/10/2020,REGION IVB-MIMAROPA,2020
PUERTO PRINCESA CITY,45,0,18/10/2020,REGION IVB-MIMAROPA,2020
PUERTO PRINCESA CITY,28,0,25/10/2020,REGION IVB-MIMAROPA,2020
PUERTO PRINCESA CITY,39,0,01/11/2020,REGION IVB-MIMAROPA,2020
PUERTO PRINCESA CITY,28,0,08/11/2020,REGION IVB-MIMAROPA,2020
PUERTO PRINCESA CITY,24,0,15/11/2020,REGION IVB-MIMAROPA,2020
PUERTO PRINCESA CITY,28,0,22/11/2020,REGION IVB-MIMAROPA,2020
PUERTO PRINCESA CITY,33,0,29/11/2020,REGION IVB-MIMAROPA,2020
PUERTO PRINCESA CITY,17,0,06/12/2020,REGION IVB-MIMAROPA,2020
PUERTO PRINCESA CITY,22,0,13/12/2020,REGION IVB-MIMAROPA,2020
PUERTO PRINCESA CITY,19,0,20/12/2020,REGION IVB-MIMAROPA,2020
PUERTO PRINCESA CITY,20,0,27/12/2020,REGION IVB-MIMAROPA,2020
PUERTO PRINCESA CITY,1,0,12/01/2020,REGION IVB-MIMAROPA,2020
PUERTO PRINCESA CITY,12,0,19/01/2020,REGION IVB-MIMAROPA,2020
PUERTO PRINCESA CITY,9,0,26/01/2020,REGION IVB-MIMAROPA,2020
PUERTO PRINCESA CITY,11,0,02/02/2020,REGION IVB-MIMAROPA,2020
PUERTO PRINCESA CITY,8,0,09/02/2020,REGION IVB-MIMAROPA,2020
PUERTO PRINCESA CITY,9,0,16/02/2020,REGION IVB-MIMAROPA,2020
PUERTO PRINCESA CITY,3,0,23/02/2020,REGION IVB-MIMAROPA,2020
PUERTO PRINCESA CITY,6,0,01/03/2020,REGION IVB-MIMAROPA,2020
PUERTO PRINCESA CITY,3,0,08/03/2020,REGION IVB-MIMAROPA,2020
PUERTO PRINCESA CITY,4,0,15/03/2020,REGION IVB-MIMAROPA,2020
PUERTO PRINCESA CITY,3,0,22/03/2020,REGION IVB-MIMAROPA,2020
PUERTO PRINCESA CITY,4,0,29/03/2020,REGION IVB-MIMAROPA,2020
PUERTO PRINCESA CITY,1,0,05/04/2020,REGION IVB-MIMAROPA,2020
PUERTO PRINCESA CITY,1,0,12/04/2020,REGION IVB-MIMAROPA,2020
PUERTO PRINCESA CITY,1,0,19/04/2020,REGION IVB-MIMAROPA,2020
PUERTO PRINCESA CITY,1,0,26/04/2020,REGION IVB-MIMAROPA,2020
PUERTO PRINCESA CITY,0,0,03/05/2020,REGION IVB-MIMAROPA,2020
PUERTO PRINCESA CITY,0,0,10/05/2020,REGION IVB-MIMAROPA,2020
PUERTO PRINCESA CITY,1,0,17/05/2020,REGION IVB-MIMAROPA,2020
PUERTO PRINCESA CITY,0,0,24/05/2020,REGION IVB-MIMAROPA,2020
PUERTO PRINCESA CITY,1,0,31/05/2020,REGION IVB-MIMAROPA,2020
PUERTO PRINCESA CITY,1,0,07/06/2020,REGION IVB-MIMAROPA,2020
PUERTO PRINCESA CITY,3,0,14/06/2020,REGION IVB-MIMAROPA,2020
PUERTO PRINCESA CITY,1,0,21/06/2020,REGION IVB-MIMAROPA,2020
PUERTO PRINCESA CITY,1,0,28/06/2020,REGION IVB-MIMAROPA,2020
PUERTO PRINCESA CITY,1,0,05/07/2020,REGION IVB-MIMAROPA,2020
PUERTO PRINCESA CITY,4,0,12/07/2020,REGION IVB-MIMAROPA,2020
PUERTO PRINCESA CITY,12,0,19/07/2020,REGION IVB-MIMAROPA,2020
PUERTO PRINCESA CITY,12,0,26/07/2020,REGION IVB-MIMAROPA,2020
PUERTO PRINCESA CITY,31,0,02/08/2020,REGION IVB-MIMAROPA,2020
PUERTO PRINCESA CITY,50,1,09/08/2020,REGION IVB-MIMAROPA,2020
PUERTO PRINCESA CITY,53,0,16/08/2020,REGION IVB-MIMAROPA,2020
PUERTO PRINCESA CITY,51,0,23/08/2020,REGION IVB-MIMAROPA,2020
PUERTO PRINCESA CITY,50,0,30/08/2020,REGION IVB-MIMAROPA,2020
QUEZON,40,0,12/01/2020,REGION IV-A-CALABARZON,2020
QUEZON,90,0,19/01/2020,REGION IV-A-CALABARZON,2020
QUEZON,84,1,26/01/2020,REGION IV-A-CALABARZON,2020
QUEZON,64,0,02/02/2020,REGION IV-A-CALABARZON,2020
QUEZON,78,0,09/02/2020,REGION IV-A-CALABARZON,2020
QUEZON,46,0,16/02/2020,REGION IV-A-CALABARZON,2020
QUEZON,44,0,23/02/2020,REGION IV-A-CALABARZON,2020
QUEZON,45,0,01/03/2020,REGION IV-A-CALABARZON,2020
QUEZON,30,0,08/03/2020,REGION IV-A-CALABARZON,2020
QUEZON,34,0,15/03/2020,REGION IV-A-CALABARZON,2020
QUEZON,11,0,22/03/2020,REGION IV-A-CALABARZON,2020
QUEZON,11,0,29/03/2020,REGION IV-A-CALABARZON,2020
QUEZON,7,0,05/04/2020,REGION IV-A-CALABARZON,2020
QUEZON,3,0,12/04/2020,REGION IV-A-CALABARZON,2020
QUEZON,3,0,19/04/2020,REGION IV-A-CALABARZON,2020
QUEZON,0,0,26/04/2020,REGION IV-A-CALABARZON,2020
QUEZON,4,0,03/05/2020,REGION IV-A-CALABARZON,2020
QUEZON,0,0,10/05/2020,REGION IV-A-CALABARZON,2020
QUEZON,0,0,17/05/2020,REGION IV-A-CALABARZON,2020
QUEZON,5,0,24/05/2020,REGION IV-A-CALABARZON,2020
QUEZON,2,0,31/05/2020,REGION IV-A-CALABARZON,2020
QUEZON,1,0,07/06/2020,REGION IV-A-CALABARZON,2020
QUEZON,0,0,14/06/2020,REGION IV-A-CALABARZON,2020
QUEZON,0,0,21/06/2020,REGION IV-A-CALABARZON,2020
QUEZON,3,0,28/06/2020,REGION IV-A-CALABARZON,2020
QUEZON,6,0,05/07/2020,REGION IV-A-CALABARZON,2020
QUEZON,1,0,12/07/2020,REGION IV-A-CALABARZON,2020
QUEZON,22,0,19/07/2020,REGION IV-A-CALABARZON,2020
QUEZON,5,0,26/07/2020,REGION IV-A-CALABARZON,2020
QUEZON,9,0,02/08/2020,REGION IV-A-CALABARZON,2020
QUEZON,14,0,09/08/2020,REGION IV-A-CALABARZON,2020
QUEZON,10,0,16/08/2020,REGION IV-A-CALABARZON,2020
QUEZON,14,0,23/08/2020,REGION IV-A-CALABARZON,2020
QUEZON,6,0,30/08/2020,REGION IV-A-CALABARZON,2020
QUEZON,7,0,06/09/2020,REGION IV-A-CALABARZON,2020
QUEZON,2,0,13/09/2020,REGION IV-A-CALABARZON,2020
QUEZON,5,0,20/09/2020,REGION IV-A-CALABARZON,2020
QUEZON,3,0,27/09/2020,REGION IV-A-CALABARZON,2020
QUEZON,3,0,04/10/2020,REGION IV-A-CALABARZON,2020
QUEZON,5,0,11/10/2020,REGION IV-A-CALABARZON,2020
QUEZON,1,0,18/10/2020,REGION IV-A-CALABARZON,2020
QUEZON,4,0,25/10/2020,REGION IV-A-CALABARZON,2020
QUEZON,6,0,01/11/2020,REGION IV-A-CALABARZON,2020
QUEZON,3,0,08/11/2020,REGION IV-A-CALABARZON,2020
QUEZON,2,0,15/11/2020,REGION IV-A-CALABARZON,2020
QUEZON,1,0,22/11/2020,REGION IV-A-CALABARZON,2020
QUEZON,1,0,29/11/2020,REGION IV-A-CALABARZON,2020
QUEZON,0,0,06/12/2020,REGION IV-A-CALABARZON,2020
QUEZON,0,0,13/12/2020,REGION IV-A-CALABARZON,2020
QUEZON,0,0,20/12/2020,REGION IV-A-CALABARZON,2020
QUEZON,1,0,27/12/2020,REGION IV-A-CALABARZON,2020
QUIRINO,1,0,12/01/2020,Region II-CAGAYAN VALLEY,2020
QUIRINO,4,0,19/01/2020,Region II-CAGAYAN VALLEY,2020
QUIRINO,8,0,26/01/2020,Region II-CAGAYAN VALLEY,2020
QUIRINO,7,0,02/02/2020,Region II-CAGAYAN VALLEY,2020
QUIRINO,4,0,09/02/2020,Region II-CAGAYAN VALLEY,2020
QUIRINO,4,0,16/02/2020,Region II-CAGAYAN VALLEY,2020
QUIRINO,6,0,23/02/2020,Region II-CAGAYAN VALLEY,2020
QUIRINO,7,0,01/03/2020,Region II-CAGAYAN VALLEY,2020
QUIRINO,6,0,08/03/2020,Region II-CAGAYAN VALLEY,2020
QUIRINO,7,0,15/03/2020,Region II-CAGAYAN VALLEY,2020
QUIRINO,2,0,22/03/2020,Region II-CAGAYAN VALLEY,2020
QUIRINO,3,0,29/03/2020,Region II-CAGAYAN VALLEY,2020
QUIRINO,4,0,05/04/2020,Region II-CAGAYAN VALLEY,2020
QUIRINO,0,0,12/04/2020,Region II-CAGAYAN VALLEY,2020
QUIRINO,0,0,19/04/2020,Region II-CAGAYAN VALLEY,2020
QUIRINO,2,0,26/04/2020,Region II-CAGAYAN VALLEY,2020
QUIRINO,0,0,03/05/2020,Region II-CAGAYAN VALLEY,2020
QUIRINO,1,0,10/05/2020,Region II-CAGAYAN VALLEY,2020
QUIRINO,1,0,17/05/2020,Region II-CAGAYAN VALLEY,2020
QUIRINO,1,0,24/05/2020,Region II-CAGAYAN VALLEY,2020
QUIRINO,2,0,31/05/2020,Region II-CAGAYAN VALLEY,2020
QUIRINO,1,0,07/06/2020,Region II-CAGAYAN VALLEY,2020
QUIRINO,0,0,14/06/2020,Region II-CAGAYAN VALLEY,2020
QUIRINO,1,0,21/06/2020,Region II-CAGAYAN VALLEY,2020
QUIRINO,4,0,28/06/2020,Region II-CAGAYAN VALLEY,2020
QUIRINO,0,0,05/07/2020,Region II-CAGAYAN VALLEY,2020
QUIRINO,3,0,12/07/2020,Region II-CAGAYAN VALLEY,2020
QUIRINO,1,0,19/07/2020,Region II-CAGAYAN VALLEY,2020
QUIRINO,3,0,26/07/2020,Region II-CAGAYAN VALLEY,2020
QUIRINO,7,0,02/08/2020,Region II-CAGAYAN VALLEY,2020
QUIRINO,5,0,09/08/2020,Region II-CAGAYAN VALLEY,2020
QUIRINO,7,0,16/08/2020,Region II-CAGAYAN VALLEY,2020
QUIRINO,8,0,23/08/2020,Region II-CAGAYAN VALLEY,2020
QUIRINO,6,0,30/08/2020,Region II-CAGAYAN VALLEY,2020
QUIRINO,3,0,06/09/2020,Region II-CAGAYAN VALLEY,2020
QUIRINO,1,0,13/09/2020,Region II-CAGAYAN VALLEY,2020
QUIRINO,17,0,20/09/2020,Region II-CAGAYAN VALLEY,2020
QUIRINO,15,0,27/09/2020,Region II-CAGAYAN VALLEY,2020
QUIRINO,5,0,04/10/2020,Region II-CAGAYAN VALLEY,2020
QUIRINO,21,0,11/10/2020,Region II-CAGAYAN VALLEY,2020
QUIRINO,21,1,18/10/2020,Region II-CAGAYAN VALLEY,2020
QUIRINO,20,0,25/10/2020,Region II-CAGAYAN VALLEY,2020
QUIRINO,19,0,01/11/2020,Region II-CAGAYAN VALLEY,2020
QUIRINO,17,0,08/11/2020,Region II-CAGAYAN VALLEY,2020
QUIRINO,11,0,15/11/2020,Region II-CAGAYAN VALLEY,2020
QUIRINO,1,0,22/11/2020,Region II-CAGAYAN VALLEY,2020
QUIRINO,25,0,29/11/2020,Region II-CAGAYAN VALLEY,2020
QUIRINO,20,0,06/12/2020,Region II-CAGAYAN VALLEY,2020
QUIRINO,19,0,13/12/2020,Region II-CAGAYAN VALLEY,2020
QUIRINO,8,0,20/12/2020,Region II-CAGAYAN VALLEY,2020
QUIRINO,15,0,27/12/2020,Region II-CAGAYAN VALLEY,2020
RIZAL,84,2,12/01/2020,REGION IV-A-CALABARZON,2020
RIZAL,242,0,19/01/2020,REGION IV-A-CALABARZON,2020
RIZAL,143,1,26/01/2020,REGION IV-A-CALABARZON,2020
RIZAL,146,1,02/02/2020,REGION IV-A-CALABARZON,2020
RIZAL,156,0,09/02/2020,REGION IV-A-CALABARZON,2020
RIZAL,124,1,16/02/2020,REGION IV-A-CALABARZON,2020
RIZAL,100,0,23/02/2020,REGION IV-A-CALABARZON,2020
RIZAL,102,1,01/03/2020,REGION IV-A-CALABARZON,2020
RIZAL,106,2,08/03/2020,REGION IV-A-CALABARZON,2020
RIZAL,88,0,15/03/2020,REGION IV-A-CALABARZON,2020
RIZAL,56,0,22/03/2020,REGION IV-A-CALABARZON,2020
RIZAL,27,1,29/03/2020,REGION IV-A-CALABARZON,2020
RIZAL,22,0,05/04/2020,REGION IV-A-CALABARZON,2020
RIZAL,12,0,12/04/2020,REGION IV-A-CALABARZON,2020
RIZAL,17,0,19/04/2020,REGION IV-A-CALABARZON,2020
RIZAL,14,0,26/04/2020,REGION IV-A-CALABARZON,2020
RIZAL,8,0,03/05/2020,REGION IV-A-CALABARZON,2020
RIZAL,2,0,10/05/2020,REGION IV-A-CALABARZON,2020
RIZAL,2,0,17/05/2020,REGION IV-A-CALABARZON,2020
RIZAL,3,0,24/05/2020,REGION IV-A-CALABARZON,2020
RIZAL,0,0,31/05/2020,REGION IV-A-CALABARZON,2020
RIZAL,6,0,07/06/2020,REGION IV-A-CALABARZON,2020
RIZAL,4,0,14/06/2020,REGION IV-A-CALABARZON,2020
RIZAL,2,0,21/06/2020,REGION IV-A-CALABARZON,2020
RIZAL,2,0,28/06/2020,REGION IV-A-CALABARZON,2020
RIZAL,8,0,05/07/2020,REGION IV-A-CALABARZON,2020
RIZAL,8,0,12/07/2020,REGION IV-A-CALABARZON,2020
RIZAL,10,0,19/07/2020,REGION IV-A-CALABARZON,2020
RIZAL,20,0,26/07/2020,REGION IV-A-CALABARZON,2020
RIZAL,18,0,02/08/2020,REGION IV-A-CALABARZON,2020
RIZAL,10,0,09/08/2020,REGION IV-A-CALABARZON,2020
RIZAL,15,0,16/08/2020,REGION IV-A-CALABARZON,2020
RIZAL,19,0,23/08/2020,REGION IV-A-CALABARZON,2020
RIZAL,15,0,30/08/2020,REGION IV-A-CALABARZON,2020
RIZAL,12,0,06/09/2020,REGION IV-A-CALABARZON,2020
RIZAL,8,1,13/09/2020,REGION IV-A-CALABARZON,2020
RIZAL,20,0,20/09/2020,REGION IV-A-CALABARZON,2020
RIZAL,19,0,27/09/2020,REGION IV-A-CALABARZON,2020
RIZAL,23,0,04/10/2020,REGION IV-A-CALABARZON,2020
RIZAL,25,0,11/10/2020,REGION IV-A-CALABARZON,2020
RIZAL,25,0,18/10/2020,REGION IV-A-CALABARZON,2020
RIZAL,17,0,25/10/2020,REGION IV-A-CALABARZON,2020
RIZAL,18,0,01/11/2020,REGION IV-A-CALABARZON,2020
RIZAL,28,0,08/11/2020,REGION IV-A-CALABARZON,2020
RIZAL,33,0,15/11/2020,REGION IV-A-CALABARZON,2020
RIZAL,26,0,22/11/2020,REGION IV-A-CALABARZON,2020
RIZAL,36,0,29/11/2020,REGION IV-A-CALABARZON,2020
RIZAL,26,0,06/12/2020,REGION IV-A-CALABARZON,2020
RIZAL,31,0,13/12/2020,REGION IV-A-CALABARZON,2020
RIZAL,34,0,20/12/2020,REGION IV-A-CALABARZON,2020
RIZAL,27,0,27/12/2020,REGION IV-A-CALABARZON,2020
ROMBLON,3,0,12/01/2020,REGION IVB-MIMAROPA,2020
ROMBLON,4,0,19/01/2020,REGION IVB-MIMAROPA,2020
ROMBLON,9,0,26/01/2020,REGION IVB-MIMAROPA,2020
ROMBLON,5,0,02/02/2020,REGION IVB-MIMAROPA,2020
ROMBLON,14,0,09/02/2020,REGION IVB-MIMAROPA,2020
ROMBLON,13,0,16/02/2020,REGION IVB-MIMAROPA,2020
ROMBLON,7,0,23/02/2020,REGION IVB-MIMAROPA,2020
ROMBLON,4,0,01/03/2020,REGION IVB-MIMAROPA,2020
ROMBLON,3,0,08/03/2020,REGION IVB-MIMAROPA,2020
ROMBLON,3,0,15/03/2020,REGION IVB-MIMAROPA,2020
ROMBLON,6,0,22/03/2020,REGION IVB-MIMAROPA,2020
ROMBLON,0,0,29/03/2020,REGION IVB-MIMAROPA,2020
ROMBLON,1,0,05/04/2020,REGION IVB-MIMAROPA,2020
ROMBLON,5,0,12/04/2020,REGION IVB-MIMAROPA,2020
ROMBLON,2,0,19/04/2020,REGION IVB-MIMAROPA,2020
ROMBLON,8,0,26/04/2020,REGION IVB-MIMAROPA,2020
ROMBLON,3,0,03/05/2020,REGION IVB-MIMAROPA,2020
ROMBLON,4,0,10/05/2020,REGION IVB-MIMAROPA,2020
ROMBLON,2,0,17/05/2020,REGION IVB-MIMAROPA,2020
ROMBLON,2,0,24/05/2020,REGION IVB-MIMAROPA,2020
ROMBLON,1,0,31/05/2020,REGION IVB-MIMAROPA,2020
ROMBLON,0,0,07/06/2020,REGION IVB-MIMAROPA,2020
ROMBLON,0,0,14/06/2020,REGION IVB-MIMAROPA,2020
ROMBLON,3,0,21/06/2020,REGION IVB-MIMAROPA,2020
ROMBLON,1,0,28/06/2020,REGION IVB-MIMAROPA,2020
ROMBLON,7,0,05/07/2020,REGION IVB-MIMAROPA,2020
ROMBLON,1,0,12/07/2020,REGION IVB-MIMAROPA,2020
ROMBLON,4,0,19/07/2020,REGION IVB-MIMAROPA,2020
ROMBLON,3,0,26/07/2020,REGION IVB-MIMAROPA,2020
ROMBLON,4,0,02/08/2020,REGION IVB-MIMAROPA,2020
ROMBLON,4,1,09/08/2020,REGION IVB-MIMAROPA,2020
ROMBLON,10,0,16/08/2020,REGION IVB-MIMAROPA,2020
ROMBLON,4,0,23/08/2020,REGION IVB-MIMAROPA,2020
ROMBLON,8,0,30/08/2020,REGION IVB-MIMAROPA,2020
ROMBLON,5,0,06/09/2020,REGION IVB-MIMAROPA,2020
ROMBLON,4,0,13/09/2020,REGION IVB-MIMAROPA,2020
ROMBLON,0,0,20/09/2020,REGION IVB-MIMAROPA,2020
ROMBLON,5,0,27/09/2020,REGION IVB-MIMAROPA,2020
ROMBLON,4,0,04/10/2020,REGION IVB-MIMAROPA,2020
ROMBLON,3,1,11/10/2020,REGION IVB-MIMAROPA,2020
ROMBLON,3,0,18/10/2020,REGION IVB-MIMAROPA,2020
ROMBLON,2,0,25/10/2020,REGION IVB-MIMAROPA,2020
ROMBLON,2,0,01/11/2020,REGION IVB-MIMAROPA,2020
ROMBLON,1,0,08/11/2020,REGION IVB-MIMAROPA,2020
ROMBLON,3,0,15/11/2020,REGION IVB-MIMAROPA,2020
ROMBLON,0,0,22/11/2020,REGION IVB-MIMAROPA,2020
ROMBLON,0,0,29/11/2020,REGION IVB-MIMAROPA,2020
ROMBLON,0,0,06/12/2020,REGION IVB-MIMAROPA,2020
ROMBLON,0,0,13/12/2020,REGION IVB-MIMAROPA,2020
ROMBLON,0,0,20/12/2020,REGION IVB-MIMAROPA,2020
ROMBLON,2,0,27/12/2020,REGION IVB-MIMAROPA,2020
SANTIAGO CITY,2,0,12/01/2020,Region II-CAGAYAN VALLEY,2020
SANTIAGO CITY,12,0,19/01/2020,Region II-CAGAYAN VALLEY,2020
SANTIAGO CITY,9,0,26/01/2020,Region II-CAGAYAN VALLEY,2020
SANTIAGO CITY,10,0,02/02/2020,Region II-CAGAYAN VALLEY,2020
SANTIAGO CITY,9,0,09/02/2020,Region II-CAGAYAN VALLEY,2020
SANTIAGO CITY,3,0,16/02/2020,Region II-CAGAYAN VALLEY,2020
SANTIAGO CITY,2,0,23/02/2020,Region II-CAGAYAN VALLEY,2020
SANTIAGO CITY,9,0,01/03/2020,Region II-CAGAYAN VALLEY,2020
SANTIAGO CITY,4,0,08/03/2020,Region II-CAGAYAN VALLEY,2020
SANTIAGO CITY,3,0,15/03/2020,Region II-CAGAYAN VALLEY,2020
SANTIAGO CITY,0,0,22/03/2020,Region II-CAGAYAN VALLEY,2020
SANTIAGO CITY,0,0,29/03/2020,Region II-CAGAYAN VALLEY,2020
SANTIAGO CITY,0,0,05/04/2020,Region II-CAGAYAN VALLEY,2020
SANTIAGO CITY,0,0,12/04/2020,Region II-CAGAYAN VALLEY,2020
SANTIAGO CITY,0,0,19/04/2020,Region II-CAGAYAN VALLEY,2020
SANTIAGO CITY,0,0,26/04/2020,Region II-CAGAYAN VALLEY,2020
SANTIAGO CITY,0,0,03/05/2020,Region II-CAGAYAN VALLEY,2020
SANTIAGO CITY,0,0,10/05/2020,Region II-CAGAYAN VALLEY,2020
SANTIAGO CITY,0,0,17/05/2020,Region II-CAGAYAN VALLEY,2020
SANTIAGO CITY,0,0,24/05/2020,Region II-CAGAYAN VALLEY,2020
SANTIAGO CITY,0,0,31/05/2020,Region II-CAGAYAN VALLEY,2020
SANTIAGO CITY,0,0,07/06/2020,Region II-CAGAYAN VALLEY,2020
SANTIAGO CITY,0,0,14/06/2020,Region II-CAGAYAN VALLEY,2020
SANTIAGO CITY,0,0,21/06/2020,Region II-CAGAYAN VALLEY,2020
SANTIAGO CITY,0,0,28/06/2020,Region II-CAGAYAN VALLEY,2020
SANTIAGO CITY,2,0,05/07/2020,Region II-CAGAYAN VALLEY,2020
SANTIAGO CITY,0,0,12/07/2020,Region II-CAGAYAN VALLEY,2020
SANTIAGO CITY,0,0,19/07/2020,Region II-CAGAYAN VALLEY,2020
SANTIAGO CITY,0,0,26/07/2020,Region II-CAGAYAN VALLEY,2020
SANTIAGO CITY,0,0,02/08/2020,Region II-CAGAYAN VALLEY,2020
SANTIAGO CITY,2,1,09/08/2020,Region II-CAGAYAN VALLEY,2020
SANTIAGO CITY,0,0,16/08/2020,Region II-CAGAYAN VALLEY,2020
SANTIAGO CITY,2,0,23/08/2020,Region II-CAGAYAN VALLEY,2020
SANTIAGO CITY,2,0,30/08/2020,Region II-CAGAYAN VALLEY,2020
SANTIAGO CITY,2,0,06/09/2020,Region II-CAGAYAN VALLEY,2020
SANTIAGO CITY,4,0,13/09/2020,Region II-CAGAYAN VALLEY,2020
SANTIAGO CITY,3,0,20/09/2020,Region II-CAGAYAN VALLEY,2020
SANTIAGO CITY,8,0,27/09/2020,Region II-CAGAYAN VALLEY,2020
SANTIAGO CITY,2,0,04/10/2020,Region II-CAGAYAN VALLEY,2020
SANTIAGO CITY,7,0,11/10/2020,Region II-CAGAYAN VALLEY,2020
SANTIAGO CITY,4,0,18/10/2020,Region II-CAGAYAN VALLEY,2020
SANTIAGO CITY,4,0,25/10/2020,Region II-CAGAYAN VALLEY,2020
SANTIAGO CITY,1,0,01/11/2020,Region II-CAGAYAN VALLEY,2020
SANTIAGO CITY,3,0,08/11/2020,Region II-CAGAYAN VALLEY,2020
SANTIAGO CITY,0,0,15/11/2020,Region II-CAGAYAN VALLEY,2020
SANTIAGO CITY,4,0,22/11/2020,Region II-CAGAYAN VALLEY,2020
SANTIAGO CITY,2,0,29/11/2020,Region II-CAGAYAN VALLEY,2020
SANTIAGO CITY,0,0,06/12/2020,Region II-CAGAYAN VALLEY,2020
SANTIAGO CITY,1,0,13/12/2020,Region II-CAGAYAN VALLEY,2020
SANTIAGO CITY,1,0,20/12/2020,Region II-CAGAYAN VALLEY,2020
SANTIAGO CITY,2,0,27/12/2020,Region II-CAGAYAN VALLEY,2020
SORSOGON,16,0,12/01/2020,REGION V-BICOL REGION,2020
SORSOGON,11,0,19/01/2020,REGION V-BICOL REGION,2020
SORSOGON,12,0,26/01/2020,REGION V-BICOL REGION,2020
SORSOGON,8,0,02/02/2020,REGION V-BICOL REGION,2020
SORSOGON,22,1,09/02/2020,REGION V-BICOL REGION,2020
SORSOGON,13,0,16/02/2020,REGION V-BICOL REGION,2020
SORSOGON,12,0,23/02/2020,REGION V-BICOL REGION,2020
SORSOGON,15,0,01/03/2020,REGION V-BICOL REGION,2020
SORSOGON,9,0,08/03/2020,REGION V-BICOL REGION,2020
SORSOGON,11,0,15/03/2020,REGION V-BICOL REGION,2020
SORSOGON,12,0,22/03/2020,REGION V-BICOL REGION,2020
SORSOGON,7,1,29/03/2020,REGION V-BICOL REGION,2020
SORSOGON,7,0,05/04/2020,REGION V-BICOL REGION,2020
SORSOGON,9,0,12/04/2020,REGION V-BICOL REGION,2020
SORSOGON,3,0,19/04/2020,REGION V-BICOL REGION,2020
SORSOGON,10,0,26/04/2020,REGION V-BICOL REGION,2020
SORSOGON,9,0,03/05/2020,REGION V-BICOL REGION,2020
SORSOGON,4,0,10/05/2020,REGION V-BICOL REGION,2020
SORSOGON,4,0,17/05/2020,REGION V-BICOL REGION,2020
SORSOGON,9,0,24/05/2020,REGION V-BICOL REGION,2020
SORSOGON,5,0,31/05/2020,REGION V-BICOL REGION,2020
SORSOGON,8,0,07/06/2020,REGION V-BICOL REGION,2020
SORSOGON,6,0,14/06/2020,REGION V-BICOL REGION,2020
SORSOGON,4,0,21/06/2020,REGION V-BICOL REGION,2020
SORSOGON,7,0,28/06/2020,REGION V-BICOL REGION,2020
SORSOGON,2,0,05/07/2020,REGION V-BICOL REGION,2020
SORSOGON,2,0,12/07/2020,REGION V-BICOL REGION,2020
SORSOGON,2,0,19/07/2020,REGION V-BICOL REGION,2020
SORSOGON,1,0,26/07/2020,REGION V-BICOL REGION,2020
SORSOGON,3,0,02/08/2020,REGION V-BICOL REGION,2020
SORSOGON,3,0,09/08/2020,REGION V-BICOL REGION,2020
SORSOGON,3,0,16/08/2020,REGION V-BICOL REGION,2020
SORSOGON,2,0,23/08/2020,REGION V-BICOL REGION,2020
SORSOGON,3,0,30/08/2020,REGION V-BICOL REGION,2020
SORSOGON,7,0,06/09/2020,REGION V-BICOL REGION,2020
SORSOGON,0,0,13/09/2020,REGION V-BICOL REGION,2020
SORSOGON,0,0,20/09/2020,REGION V-BICOL REGION,2020
SORSOGON,1,0,27/09/2020,REGION V-BICOL REGION,2020
SORSOGON,5,0,04/10/2020,REGION V-BICOL REGION,2020
SORSOGON,0,0,11/10/2020,REGION V-BICOL REGION,2020
SORSOGON,0,0,18/10/2020,REGION V-BICOL REGION,2020
SORSOGON,1,0,25/10/2020,REGION V-BICOL REGION,2020
SORSOGON,1,0,01/11/2020,REGION V-BICOL REGION,2020
SORSOGON,2,0,08/11/2020,REGION V-BICOL REGION,2020
SORSOGON,1,1,15/11/2020,REGION V-BICOL REGION,2020
SORSOGON,1,0,22/11/2020,REGION V-BICOL REGION,2020
SORSOGON,0,0,29/11/2020,REGION V-BICOL REGION,2020
SORSOGON,2,0,06/12/2020,REGION V-BICOL REGION,2020
SORSOGON,2,1,13/12/2020,REGION V-BICOL REGION,2020
SORSOGON,1,0,20/12/2020,REGION V-BICOL REGION,2020
SORSOGON,2,0,27/12/2020,REGION V-BICOL REGION,2020
TARLAC,88,0,12/01/2020,REGION III-CENTRAL LUZON,2020
TARLAC,164,1,19/01/2020,REGION III-CENTRAL LUZON,2020
TARLAC,148,0,26/01/2020,REGION III-CENTRAL LUZON,2020
TARLAC,162,0,02/02/2020,REGION III-CENTRAL LUZON,2020
TARLAC,164,0,09/02/2020,REGION III-CENTRAL LUZON,2020
TARLAC,119,0,16/02/2020,REGION III-CENTRAL LUZON,2020
TARLAC,121,1,23/02/2020,REGION III-CENTRAL LUZON,2020
TARLAC,61,0,01/03/2020,REGION III-CENTRAL LUZON,2020
TARLAC,52,0,08/03/2020,REGION III-CENTRAL LUZON,2020
TARLAC,62,0,15/03/2020,REGION III-CENTRAL LUZON,2020
TARLAC,30,0,22/03/2020,REGION III-CENTRAL LUZON,2020
TARLAC,20,0,29/03/2020,REGION III-CENTRAL LUZON,2020
TARLAC,8,0,05/04/2020,REGION III-CENTRAL LUZON,2020
TARLAC,3,0,12/04/2020,REGION III-CENTRAL LUZON,2020
TARLAC,1,0,19/04/2020,REGION III-CENTRAL LUZON,2020
TARLAC,6,0,26/04/2020,REGION III-CENTRAL LUZON,2020
TARLAC,4,0,03/05/2020,REGION III-CENTRAL LUZON,2020
TARLAC,5,0,10/05/2020,REGION III-CENTRAL LUZON,2020
TARLAC,14,0,17/05/2020,REGION III-CENTRAL LUZON,2020
TARLAC,6,0,24/05/2020,REGION III-CENTRAL LUZON,2020
TARLAC,10,0,31/05/2020,REGION III-CENTRAL LUZON,2020
TARLAC,8,0,07/06/2020,REGION III-CENTRAL LUZON,2020
TARLAC,18,0,14/06/2020,REGION III-CENTRAL LUZON,2020
TARLAC,15,0,21/06/2020,REGION III-CENTRAL LUZON,2020
TARLAC,14,0,28/06/2020,REGION III-CENTRAL LUZON,2020
TARLAC,18,0,05/07/2020,REGION III-CENTRAL LUZON,2020
TARLAC,27,0,12/07/2020,REGION III-CENTRAL LUZON,2020
TARLAC,42,1,19/07/2020,REGION III-CENTRAL LUZON,2020
TARLAC,56,0,26/07/2020,REGION III-CENTRAL LUZON,2020
TARLAC,54,0,02/08/2020,REGION III-CENTRAL LUZON,2020
TARLAC,57,0,09/08/2020,REGION III-CENTRAL LUZON,2020
TARLAC,44,0,16/08/2020,REGION III-CENTRAL LUZON,2020
TARLAC,50,0,23/08/2020,REGION III-CENTRAL LUZON,2020
TARLAC,74,1,30/08/2020,REGION III-CENTRAL LUZON,2020
TARLAC,71,0,06/09/2020,REGION III-CENTRAL LUZON,2020
TARLAC,69,0,13/09/2020,REGION III-CENTRAL LUZON,2020
TARLAC,68,0,20/09/2020,REGION III-CENTRAL LUZON,2020
TARLAC,76,1,27/09/2020,REGION III-CENTRAL LUZON,2020
TARLAC,75,1,04/10/2020,REGION III-CENTRAL LUZON,2020
TARLAC,61,0,11/10/2020,REGION III-CENTRAL LUZON,2020
TARLAC,70,1,18/10/2020,REGION III-CENTRAL LUZON,2020
TARLAC,74,0,25/10/2020,REGION III-CENTRAL LUZON,2020
TARLAC,89,0,01/11/2020,REGION III-CENTRAL LUZON,2020
TARLAC,99,0,08/11/2020,REGION III-CENTRAL LUZON,2020
TARLAC,97,0,15/11/2020,REGION III-CENTRAL LUZON,2020
TARLAC,122,0,22/11/2020,REGION III-CENTRAL LUZON,2020
TARLAC,144,0,29/11/2020,REGION III-CENTRAL LUZON,2020
TARLAC,129,0,06/12/2020,REGION III-CENTRAL LUZON,2020
TARLAC,103,0,13/12/2020,REGION III-CENTRAL LUZON,2020
TARLAC,35,0,20/12/2020,REGION III-CENTRAL LUZON,2020
TARLAC,148,0,27/12/2020,REGION III-CENTRAL LUZON,2020
ZAMBALES,12,0,12/01/2020,REGION III-CENTRAL LUZON,2020
ZAMBALES,29,0,19/01/2020,REGION III-CENTRAL LUZON,2020
ZAMBALES,15,0,26/01/2020,REGION III-CENTRAL LUZON,2020
ZAMBALES,22,0,02/02/2020,REGION III-CENTRAL LUZON,2020
ZAMBALES,14,0,09/02/2020,REGION III-CENTRAL LUZON,2020
ZAMBALES,10,1,16/02/2020,REGION III-CENTRAL LUZON,2020
ZAMBALES,15,0,23/02/2020,REGION III-CENTRAL LUZON,2020
ZAMBALES,17,0,01/03/2020,REGION III-CENTRAL LUZON,2020
ZAMBALES,13,0,08/03/2020,REGION III-CENTRAL LUZON,2020
ZAMBALES,9,0,15/03/2020,REGION III-CENTRAL LUZON,2020
ZAMBALES,1,0,22/03/2020,REGION III-CENTRAL LUZON,2020
ZAMBALES,1,0,29/03/2020,REGION III-CENTRAL LUZON,2020
ZAMBALES,0,0,05/04/2020,REGION III-CENTRAL LUZON,2020
ZAMBALES,0,0,12/04/2020,REGION III-CENTRAL LUZON,2020
ZAMBALES,0,0,19/04/2020,REGION III-CENTRAL LUZON,2020
ZAMBALES,0,0,26/04/2020,REGION III-CENTRAL LUZON,2020
ZAMBALES,0,0,03/05/2020,REGION III-CENTRAL LUZON,2020
ZAMBALES,0,0,10/05/2020,REGION III-CENTRAL LUZON,2020
ZAMBALES,0,0,17/05/2020,REGION III-CENTRAL LUZON,2020
ZAMBALES,3,0,24/05/2020,REGION III-CENTRAL LUZON,2020
ZAMBALES,0,0,31/05/2020,REGION III-CENTRAL LUZON,2020
ZAMBALES,0,0,07/06/2020,REGION III-CENTRAL LUZON,2020
ZAMBALES,7,0,14/06/2020,REGION III-CENTRAL LUZON,2020
ZAMBALES,11,0,21/06/2020,REGION III-CENTRAL LUZON,2020
ZAMBALES,15,0,28/06/2020,REGION III-CENTRAL LUZON,2020
ZAMBALES,10,1,05/07/2020,REGION III-CENTRAL LUZON,2020
ZAMBALES,10,0,12/07/2020,REGION III-CENTRAL LUZON,2020
ZAMBALES,16,0,19/07/2020,REGION III-CENTRAL LUZON,2020
ZAMBALES,20,0,26/07/2020,REGION III-CENTRAL LUZON,2020
ZAMBALES,15,0,02/08/2020,REGION III-CENTRAL LUZON,2020
ZAMBALES,26,0,09/08/2020,REGION III-CENTRAL LUZON,2020
ZAMBALES,28,0,16/08/2020,REGION III-CENTRAL LUZON,2020
ZAMBALES,1,0,23/08/2020,REGION III-CENTRAL LUZON,2020
ZAMBALES,21,0,30/08/2020,REGION III-CENTRAL LUZON,2020
ZAMBALES,21,0,06/09/2020,REGION III-CENTRAL LUZON,2020
ZAMBALES,0,0,13/09/2020,REGION III-CENTRAL LUZON,2020
ZAMBALES,0,0,20/09/2020,REGION III-CENTRAL LUZON,2020
ZAMBALES,1,0,27/09/2020,REGION III-CENTRAL LUZON,2020
ZAMBALES,10,0,04/10/2020,REGION III-CENTRAL LUZON,2020
ZAMBALES,17,0,11/10/2020,REGION III-CENTRAL LUZON,2020
ZAMBALES,11,0,18/10/2020,REGION III-CENTRAL LUZON,2020
ZAMBALES,13,0,25/10/2020,REGION III-CENTRAL LUZON,2020
ZAMBALES,3,0,01/11/2020,REGION III-CENTRAL LUZON,2020
ZAMBALES,19,0,08/11/2020,REGION III-CENTRAL LUZON,2020
ZAMBALES,13,0,15/11/2020,REGION III-CENTRAL LUZON,2020
ZAMBALES,12,0,22/11/2020,REGION III-CENTRAL LUZON,2020
ZAMBALES,25,0,29/11/2020,REGION III-CENTRAL LUZON,2020
ZAMBALES,5,0,06/12/2020,REGION III-CENTRAL LUZON,2020
ZAMBALES,8,0,13/12/2020,REGION III-CENTRAL LUZON,2020
ZAMBALES,19,0,20/12/2020,REGION III-CENTRAL LUZON,2020
ZAMBALES,19,0,27/12/2020,REGION III-CENTRAL LUZON,2020
AKLAN,15,0,12/01/2020,REGION VI-WESTERN VISAYAS,2020
AKLAN,26,0,19/01/2020,REGION VI-WESTERN VISAYAS,2020
AKLAN,10,0,26/01/2020,REGION VI-WESTERN VISAYAS,2020
AKLAN,24,0,02/02/2020,REGION VI-WESTERN VISAYAS,2020
AKLAN,25,0,09/02/2020,REGION VI-WESTERN VISAYAS,2020
AKLAN,12,0,16/02/2020,REGION VI-WESTERN VISAYAS,2020
AKLAN,19,0,23/02/2020,REGION VI-WESTERN VISAYAS,2020
AKLAN,26,0,01/03/2020,REGION VI-WESTERN VISAYAS,2020
AKLAN,33,0,08/03/2020,REGION VI-WESTERN VISAYAS,2020
AKLAN,22,0,15/03/2020,REGION VI-WESTERN VISAYAS,2020
AKLAN,17,0,22/03/2020,REGION VI-WESTERN VISAYAS,2020
AKLAN,8,0,29/03/2020,REGION VI-WESTERN VISAYAS,2020
AKLAN,11,0,05/04/2020,REGION VI-WESTERN VISAYAS,2020
AKLAN,7,0,12/04/2020,REGION VI-WESTERN VISAYAS,2020
AKLAN,6,0,19/04/2020,REGION VI-WESTERN VISAYAS,2020
AKLAN,2,0,26/04/2020,REGION VI-WESTERN VISAYAS,2020
AKLAN,7,0,03/05/2020,REGION VI-WESTERN VISAYAS,2020
AKLAN,2,0,10/05/2020,REGION VI-WESTERN VISAYAS,2020
AKLAN,8,0,17/05/2020,REGION VI-WESTERN VISAYAS,2020
AKLAN,4,0,24/05/2020,REGION VI-WESTERN VISAYAS,2020
AKLAN,3,0,31/05/2020,REGION VI-WESTERN VISAYAS,2020
AKLAN,6,0,07/06/2020,REGION VI-WESTERN VISAYAS,2020
AKLAN,3,1,14/06/2020,REGION VI-WESTERN VISAYAS,2020
AKLAN,7,0,21/06/2020,REGION VI-WESTERN VISAYAS,2020
AKLAN,10,0,28/06/2020,REGION VI-WESTERN VISAYAS,2020
AKLAN,12,1,05/07/2020,REGION VI-WESTERN VISAYAS,2020
AKLAN,12,0,12/07/2020,REGION VI-WESTERN VISAYAS,2020
AKLAN,16,0,19/07/2020,REGION VI-WESTERN VISAYAS,2020
AKLAN,21,0,26/07/2020,REGION VI-WESTERN VISAYAS,2020
AKLAN,17,0,02/08/2020,REGION VI-WESTERN VISAYAS,2020
AKLAN,19,0,09/08/2020,REGION VI-WESTERN VISAYAS,2020
AKLAN,16,0,16/08/2020,REGION VI-WESTERN VISAYAS,2020
AKLAN,13,0,23/08/2020,REGION VI-WESTERN VISAYAS,2020
AKLAN,13,0,30/08/2020,REGION VI-WESTERN VISAYAS,2020
AKLAN,3,0,06/09/2020,REGION VI-WESTERN VISAYAS,2020
AKLAN,9,0,13/09/2020,REGION VI-WESTERN VISAYAS,2020
AKLAN,9,0,20/09/2020,REGION VI-WESTERN VISAYAS,2020
AKLAN,3,0,27/09/2020,REGION VI-WESTERN VISAYAS,2020
AKLAN,4,0,04/10/2020,REGION VI-WESTERN VISAYAS,2020
AKLAN,5,0,11/10/2020,REGION VI-WESTERN VISAYAS,2020
AKLAN,4,0,18/10/2020,REGION VI-WESTERN VISAYAS,2020
AKLAN,4,0,25/10/2020,REGION VI-WESTERN VISAYAS,2020
AKLAN,1,0,01/11/2020,REGION VI-WESTERN VISAYAS,2020
AKLAN,6,0,08/11/2020,REGION VI-WESTERN VISAYAS,2020
AKLAN,6,0,15/11/2020,REGION VI-WESTERN VISAYAS,2020
AKLAN,5,0,22/11/2020,REGION VI-WESTERN VISAYAS,2020
AKLAN,5,0,29/11/2020,REGION VI-WESTERN VISAYAS,2020
AKLAN,2,0,06/12/2020,REGION VI-WESTERN VISAYAS,2020
AKLAN,3,0,13/12/2020,REGION VI-WESTERN VISAYAS,2020
AKLAN,7,0,20/12/2020,REGION VI-WESTERN VISAYAS,2020
AKLAN,2,0,27/12/2020,REGION VI-WESTERN VISAYAS,2020
ANTIQUE,19,0,12/01/2020,REGION VI-WESTERN VISAYAS,2020
ANTIQUE,16,0,19/01/2020,REGION VI-WESTERN VISAYAS,2020
ANTIQUE,16,0,26/01/2020,REGION VI-WESTERN VISAYAS,2020
ANTIQUE,5,0,02/02/2020,REGION VI-WESTERN VISAYAS,2020
ANTIQUE,11,0,09/02/2020,REGION VI-WESTERN VISAYAS,2020
ANTIQUE,12,0,16/02/2020,REGION VI-WESTERN VISAYAS,2020
ANTIQUE,18,1,23/02/2020,REGION VI-WESTERN VISAYAS,2020
ANTIQUE,9,0,01/03/2020,REGION VI-WESTERN VISAYAS,2020
ANTIQUE,11,0,08/03/2020,REGION VI-WESTERN VISAYAS,2020
ANTIQUE,8,0,15/03/2020,REGION VI-WESTERN VISAYAS,2020
ANTIQUE,6,0,22/03/2020,REGION VI-WESTERN VISAYAS,2020
ANTIQUE,3,0,29/03/2020,REGION VI-WESTERN VISAYAS,2020
ANTIQUE,3,0,05/04/2020,REGION VI-WESTERN VISAYAS,2020
ANTIQUE,4,0,12/04/2020,REGION VI-WESTERN VISAYAS,2020
ANTIQUE,5,0,19/04/2020,REGION VI-WESTERN VISAYAS,2020
ANTIQUE,4,0,26/04/2020,REGION VI-WESTERN VISAYAS,2020
ANTIQUE,6,0,03/05/2020,REGION VI-WESTERN VISAYAS,2020
ANTIQUE,2,0,10/05/2020,REGION VI-WESTERN VISAYAS,2020
ANTIQUE,4,0,17/05/2020,REGION VI-WESTERN VISAYAS,2020
ANTIQUE,6,0,24/05/2020,REGION VI-WESTERN VISAYAS,2020
ANTIQUE,5,0,31/05/2020,REGION VI-WESTERN VISAYAS,2020
ANTIQUE,9,0,07/06/2020,REGION VI-WESTERN VISAYAS,2020
ANTIQUE,9,0,14/06/2020,REGION VI-WESTERN VISAYAS,2020
ANTIQUE,15,0,21/06/2020,REGION VI-WESTERN VISAYAS,2020
ANTIQUE,16,0,28/06/2020,REGION VI-WESTERN VISAYAS,2020
ANTIQUE,18,0,05/07/2020,REGION VI-WESTERN VISAYAS,2020
ANTIQUE,19,0,12/07/2020,REGION VI-WESTERN VISAYAS,2020
ANTIQUE,21,0,19/07/2020,REGION VI-WESTERN VISAYAS,2020
ANTIQUE,17,0,26/07/2020,REGION VI-WESTERN VISAYAS,2020
ANTIQUE,17,0,02/08/2020,REGION VI-WESTERN VISAYAS,2020
ANTIQUE,20,0,09/08/2020,REGION VI-WESTERN VISAYAS,2020
ANTIQUE,9,0,16/08/2020,REGION VI-WESTERN VISAYAS,2020
ANTIQUE,9,1,23/08/2020,REGION VI-WESTERN VISAYAS,2020
ANTIQUE,2,1,30/08/2020,REGION VI-WESTERN VISAYAS,2020
ANTIQUE,4,1,06/09/2020,REGION VI-WESTERN VISAYAS,2020
ANTIQUE,10,0,13/09/2020,REGION VI-WESTERN VISAYAS,2020
ANTIQUE,18,0,20/09/2020,REGION VI-WESTERN VISAYAS,2020
ANTIQUE,12,0,27/09/2020,REGION VI-WESTERN VISAYAS,2020
ANTIQUE,17,0,04/10/2020,REGION VI-WESTERN VISAYAS,2020
ANTIQUE,5,0,11/10/2020,REGION VI-WESTERN VISAYAS,2020
ANTIQUE,10,0,18/10/2020,REGION VI-WESTERN VISAYAS,2020
ANTIQUE,22,1,25/10/2020,REGION VI-WESTERN VISAYAS,2020
ANTIQUE,20,0,01/11/2020,REGION VI-WESTERN VISAYAS,2020
ANTIQUE,11,0,08/11/2020,REGION VI-WESTERN VISAYAS,2020
ANTIQUE,13,0,15/11/2020,REGION VI-WESTERN VISAYAS,2020
ANTIQUE,11,0,22/11/2020,REGION VI-WESTERN VISAYAS,2020
ANTIQUE,21,1,29/11/2020,REGION VI-WESTERN VISAYAS,2020
ANTIQUE,15,0,06/12/2020,REGION VI-WESTERN VISAYAS,2020
ANTIQUE,10,0,13/12/2020,REGION VI-WESTERN VISAYAS,2020
ANTIQUE,17,0,20/12/2020,REGION VI-WESTERN VISAYAS,2020
ANTIQUE,15,0,27/12/2020,REGION VI-WESTERN VISAYAS,2020
BACOLOD CITY,16,0,12/01/2020,REGION VI-WESTERN VISAYAS,2020
BACOLOD CITY,22,0,19/01/2020,REGION VI-WESTERN VISAYAS,2020
BACOLOD CITY,32,0,26/01/2020,REGION VI-WESTERN VISAYAS,2020
BACOLOD CITY,27,0,02/02/2020,REGION VI-WESTERN VISAYAS,2020
BACOLOD CITY,11,0,09/02/2020,REGION VI-WESTERN VISAYAS,2020
BACOLOD CITY,18,0,16/02/2020,REGION VI-WESTERN VISAYAS,2020
BACOLOD CITY,8,0,23/02/2020,REGION VI-WESTERN VISAYAS,2020
BACOLOD CITY,8,0,01/03/2020,REGION VI-WESTERN VISAYAS,2020
BACOLOD CITY,9,0,08/03/2020,REGION VI-WESTERN VISAYAS,2020
BACOLOD CITY,2,0,15/03/2020,REGION VI-WESTERN VISAYAS,2020
BACOLOD CITY,6,0,22/03/2020,REGION VI-WESTERN VISAYAS,2020
BACOLOD CITY,3,0,29/03/2020,REGION VI-WESTERN VISAYAS,2020
BACOLOD CITY,3,0,05/04/2020,REGION VI-WESTERN VISAYAS,2020
BACOLOD CITY,2,0,12/04/2020,REGION VI-WESTERN VISAYAS,2020
BACOLOD CITY,1,0,19/04/2020,REGION VI-WESTERN VISAYAS,2020
BACOLOD CITY,2,0,26/04/2020,REGION VI-WESTERN VISAYAS,2020
BACOLOD CITY,2,0,03/05/2020,REGION VI-WESTERN VISAYAS,2020
BACOLOD CITY,0,0,10/05/2020,REGION VI-WESTERN VISAYAS,2020
BACOLOD CITY,2,0,17/05/2020,REGION VI-WESTERN VISAYAS,2020
BACOLOD CITY,3,0,24/05/2020,REGION VI-WESTERN VISAYAS,2020
BACOLOD CITY,1,0,31/05/2020,REGION VI-WESTERN VISAYAS,2020
BACOLOD CITY,4,0,07/06/2020,REGION VI-WESTERN VISAYAS,2020
BACOLOD CITY,2,0,14/06/2020,REGION VI-WESTERN VISAYAS,2020
BACOLOD CITY,3,0,21/06/2020,REGION VI-WESTERN VISAYAS,2020
BACOLOD CITY,3,0,28/06/2020,REGION VI-WESTERN VISAYAS,2020
BACOLOD CITY,5,0,05/07/2020,REGION VI-WESTERN VISAYAS,2020
BACOLOD CITY,4,0,12/07/2020,REGION VI-WESTERN VISAYAS,2020
BACOLOD CITY,10,0,19/07/2020,REGION VI-WESTERN VISAYAS,2020
BACOLOD CITY,14,0,26/07/2020,REGION VI-WESTERN VISAYAS,2020
BACOLOD CITY,19,0,02/08/2020,REGION VI-WESTERN VISAYAS,2020
BACOLOD CITY,9,0,09/08/2020,REGION VI-WESTERN VISAYAS,2020
BACOLOD CITY,6,0,16/08/2020,REGION VI-WESTERN VISAYAS,2020
BACOLOD CITY,9,0,23/08/2020,REGION VI-WESTERN VISAYAS,2020
BACOLOD CITY,6,0,30/08/2020,REGION VI-WESTERN VISAYAS,2020
BACOLOD CITY,0,0,06/09/2020,REGION VI-WESTERN VISAYAS,2020
BACOLOD CITY,2,0,13/09/2020,REGION VI-WESTERN VISAYAS,2020
BACOLOD CITY,1,0,20/09/2020,REGION VI-WESTERN VISAYAS,2020
BACOLOD CITY,0,0,27/09/2020,REGION VI-WESTERN VISAYAS,2020
BACOLOD CITY,1,0,04/10/2020,REGION VI-WESTERN VISAYAS,2020
BACOLOD CITY,2,0,11/10/2020,REGION VI-WESTERN VISAYAS,2020
BACOLOD CITY,1,0,18/10/2020,REGION VI-WESTERN VISAYAS,2020
BACOLOD CITY,1,0,25/10/2020,REGION VI-WESTERN VISAYAS,2020
BACOLOD CITY,1,0,01/11/2020,REGION VI-WESTERN VISAYAS,2020
BACOLOD CITY,2,0,08/11/2020,REGION VI-WESTERN VISAYAS,2020
BACOLOD CITY,1,0,15/11/2020,REGION VI-WESTERN VISAYAS,2020
BACOLOD CITY,1,0,22/11/2020,REGION VI-WESTERN VISAYAS,2020
BACOLOD CITY,2,0,29/11/2020,REGION VI-WESTERN VISAYAS,2020
BACOLOD CITY,0,0,06/12/2020,REGION VI-WESTERN VISAYAS,2020
BACOLOD CITY,2,0,13/12/2020,REGION VI-WESTERN VISAYAS,2020
BACOLOD CITY,3,0,20/12/2020,REGION VI-WESTERN VISAYAS,2020
BACOLOD CITY,3,0,27/12/2020,REGION VI-WESTERN VISAYAS,2020
CAPIZ,8,0,12/01/2020,REGION VI-WESTERN VISAYAS,2020
CAPIZ,9,0,19/01/2020,REGION VI-WESTERN VISAYAS,2020
CAPIZ,19,0,26/01/2020,REGION VI-WESTERN VISAYAS,2020
CAPIZ,20,0,02/02/2020,REGION VI-WESTERN VISAYAS,2020
CAPIZ,17,0,09/02/2020,REGION VI-WESTERN VISAYAS,2020
CAPIZ,23,0,16/02/2020,REGION VI-WESTERN VISAYAS,2020
CAPIZ,19,0,23/02/2020,REGION VI-WESTERN VISAYAS,2020
CAPIZ,14,0,01/03/2020,REGION VI-WESTERN VISAYAS,2020
CAPIZ,22,0,08/03/2020,REGION VI-WESTERN VISAYAS,2020
CAPIZ,13,0,15/03/2020,REGION VI-WESTERN VISAYAS,2020
CAPIZ,9,0,22/03/2020,REGION VI-WESTERN VISAYAS,2020
CAPIZ,10,0,29/03/2020,REGION VI-WESTERN VISAYAS,2020
CAPIZ,2,0,05/04/2020,REGION VI-WESTERN VISAYAS,2020
CAPIZ,3,0,12/04/2020,REGION VI-WESTERN VISAYAS,2020
CAPIZ,3,0,19/04/2020,REGION VI-WESTERN VISAYAS,2020
CAPIZ,5,0,26/04/2020,REGION VI-WESTERN VISAYAS,2020
CAPIZ,1,0,03/05/2020,REGION VI-WESTERN VISAYAS,2020
CAPIZ,0,0,10/05/2020,REGION VI-WESTERN VISAYAS,2020
CAPIZ,4,0,17/05/2020,REGION VI-WESTERN VISAYAS,2020
CAPIZ,4,0,24/05/2020,REGION VI-WESTERN VISAYAS,2020
CAPIZ,2,0,31/05/2020,REGION VI-WESTERN VISAYAS,2020
CAPIZ,6,0,07/06/2020,REGION VI-WESTERN VISAYAS,2020
CAPIZ,4,0,14/06/2020,REGION VI-WESTERN VISAYAS,2020
CAPIZ,7,0,21/06/2020,REGION VI-WESTERN VISAYAS,2020
CAPIZ,6,0,28/06/2020,REGION VI-WESTERN VISAYAS,2020
CAPIZ,1,0,05/07/2020,REGION VI-WESTERN VISAYAS,2020
CAPIZ,6,0,12/07/2020,REGION VI-WESTERN VISAYAS,2020
CAPIZ,11,0,19/07/2020,REGION VI-WESTERN VISAYAS,2020
CAPIZ,8,0,26/07/2020,REGION VI-WESTERN VISAYAS,2020
CAPIZ,10,1,02/08/2020,REGION VI-WESTERN VISAYAS,2020
CAPIZ,15,0,09/08/2020,REGION VI-WESTERN VISAYAS,2020
CAPIZ,12,0,16/08/2020,REGION VI-WESTERN VISAYAS,2020
CAPIZ,6,0,23/08/2020,REGION VI-WESTERN VISAYAS,2020
CAPIZ,15,0,30/08/2020,REGION VI-WESTERN VISAYAS,2020
CAPIZ,12,0,06/09/2020,REGION VI-WESTERN VISAYAS,2020
CAPIZ,2,0,13/09/2020,REGION VI-WESTERN VISAYAS,2020
CAPIZ,2,0,20/09/2020,REGION VI-WESTERN VISAYAS,2020
CAPIZ,2,0,27/09/2020,REGION VI-WESTERN VISAYAS,2020
CAPIZ,1,0,04/10/2020,REGION VI-WESTERN VISAYAS,2020
CAPIZ,2,0,11/10/2020,REGION VI-WESTERN VISAYAS,2020
CAPIZ,1,0,18/10/2020,REGION VI-WESTERN VISAYAS,2020
CAPIZ,5,0,25/10/2020,REGION VI-WESTERN VISAYAS,2020
CAPIZ,5,0,01/11/2020,REGION VI-WESTERN VISAYAS,2020
CAPIZ,8,0,08/11/2020,REGION VI-WESTERN VISAYAS,2020
CAPIZ,4,0,15/11/2020,REGION VI-WESTERN VISAYAS,2020
CAPIZ,2,0,22/11/2020,REGION VI-WESTERN VISAYAS,2020
CAPIZ,3,0,29/11/2020,REGION VI-WESTERN VISAYAS,2020
CAPIZ,2,0,06/12/2020,REGION VI-WESTERN VISAYAS,2020
CAPIZ,4,0,13/12/2020,REGION VI-WESTERN VISAYAS,2020
CAPIZ,1,0,20/12/2020,REGION VI-WESTERN VISAYAS,2020
CAPIZ,2,0,27/12/2020,REGION VI-WESTERN VISAYAS,2020
GUIMARAS,2,0,12/01/2020,REGION VI-WESTERN VISAYAS,2020
GUIMARAS,1,0,19/01/2020,REGION VI-WESTERN VISAYAS,2020
GUIMARAS,3,0,26/01/2020,REGION VI-WESTERN VISAYAS,2020
GUIMARAS,4,0,02/02/2020,REGION VI-WESTERN VISAYAS,2020
GUIMARAS,4,0,09/02/2020,REGION VI-WESTERN VISAYAS,2020
GUIMARAS,4,0,16/02/2020,REGION VI-WESTERN VISAYAS,2020
GUIMARAS,4,0,23/02/2020,REGION VI-WESTERN VISAYAS,2020
GUIMARAS,4,0,01/03/2020,REGION VI-WESTERN VISAYAS,2020
GUIMARAS,0,0,08/03/2020,REGION VI-WESTERN VISAYAS,2020
GUIMARAS,3,0,15/03/2020,REGION VI-WESTERN VISAYAS,2020
GUIMARAS,3,0,22/03/2020,REGION VI-WESTERN VISAYAS,2020
GUIMARAS,3,0,29/03/2020,REGION VI-WESTERN VISAYAS,2020
GUIMARAS,0,0,05/04/2020,REGION VI-WESTERN VISAYAS,2020
GUIMARAS,0,0,12/04/2020,REGION VI-WESTERN VISAYAS,2020
GUIMARAS,1,0,19/04/2020,REGION VI-WESTERN VISAYAS,2020
GUIMARAS,1,0,26/04/2020,REGION VI-WESTERN VISAYAS,2020
GUIMARAS,1,0,03/05/2020,REGION VI-WESTERN VISAYAS,2020
GUIMARAS,1,0,10/05/2020,REGION VI-WESTERN VISAYAS,2020
GUIMARAS,0,0,17/05/2020,REGION VI-WESTERN VISAYAS,2020
GUIMARAS,0,0,24/05/2020,REGION VI-WESTERN VISAYAS,2020
GUIMARAS,0,0,31/05/2020,REGION VI-WESTERN VISAYAS,2020
GUIMARAS,1,0,07/06/2020,REGION VI-WESTERN VISAYAS,2020
GUIMARAS,4,0,14/06/2020,REGION VI-WESTERN VISAYAS,2020
GUIMARAS,3,0,21/06/2020,REGION VI-WESTERN VISAYAS,2020
GUIMARAS,9,0,28/06/2020,REGION VI-WESTERN VISAYAS,2020
GUIMARAS,8,0,05/07/2020,REGION VI-WESTERN VISAYAS,2020
GUIMARAS,4,0,12/07/2020,REGION VI-WESTERN VISAYAS,2020
GUIMARAS,4,0,19/07/2020,REGION VI-WESTERN VISAYAS,2020
GUIMARAS,7,0,26/07/2020,REGION VI-WESTERN VISAYAS,2020
GUIMARAS,3,0,02/08/2020,REGION VI-WESTERN VISAYAS,2020
GUIMARAS,1,0,09/08/2020,REGION VI-WESTERN VISAYAS,2020
GUIMARAS,2,0,16/08/2020,REGION VI-WESTERN VISAYAS,2020
GUIMARAS,2,1,23/08/2020,REGION VI-WESTERN VISAYAS,2020
GUIMARAS,0,0,30/08/2020,REGION VI-WESTERN VISAYAS,2020
GUIMARAS,1,0,06/09/2020,REGION VI-WESTERN VISAYAS,2020
GUIMARAS,2,0,13/09/2020,REGION VI-WESTERN VISAYAS,2020
GUIMARAS,2,0,20/09/2020,REGION VI-WESTERN VISAYAS,2020
GUIMARAS,0,0,27/09/2020,REGION VI-WESTERN VISAYAS,2020
GUIMARAS,1,0,04/10/2020,REGION VI-WESTERN VISAYAS,2020
GUIMARAS,0,0,11/10/2020,REGION VI-WESTERN VISAYAS,2020
GUIMARAS,0,0,18/10/2020,REGION VI-WESTERN VISAYAS,2020
GUIMARAS,0,0,25/10/2020,REGION VI-WESTERN VISAYAS,2020
GUIMARAS,1,0,01/11/2020,REGION VI-WESTERN VISAYAS,2020
GUIMARAS,0,0,08/11/2020,REGION VI-WESTERN VISAYAS,2020
GUIMARAS,1,0,15/11/2020,REGION VI-WESTERN VISAYAS,2020
GUIMARAS,1,0,22/11/2020,REGION VI-WESTERN VISAYAS,2020
GUIMARAS,1,0,29/11/2020,REGION VI-WESTERN VISAYAS,2020
GUIMARAS,0,0,06/12/2020,REGION VI-WESTERN VISAYAS,2020
GUIMARAS,0,0,13/12/2020,REGION VI-WESTERN VISAYAS,2020
GUIMARAS,0,0,20/12/2020,REGION VI-WESTERN VISAYAS,2020
GUIMARAS,0,0,27/12/2020,REGION VI-WESTERN VISAYAS,2020
ILOILO,25,0,12/01/2020,REGION VI-WESTERN VISAYAS,2020
ILOILO,48,0,19/01/2020,REGION VI-WESTERN VISAYAS,2020
ILOILO,48,0,26/01/2020,REGION VI-WESTERN VISAYAS,2020
ILOILO,39,0,02/02/2020,REGION VI-WESTERN VISAYAS,2020
ILOILO,36,0,09/02/2020,REGION VI-WESTERN VISAYAS,2020
ILOILO,18,0,16/02/2020,REGION VI-WESTERN VISAYAS,2020
ILOILO,41,0,23/02/2020,REGION VI-WESTERN VISAYAS,2020
ILOILO,42,0,01/03/2020,REGION VI-WESTERN VISAYAS,2020
ILOILO,37,0,08/03/2020,REGION VI-WESTERN VISAYAS,2020
ILOILO,34,0,15/03/2020,REGION VI-WESTERN VISAYAS,2020
ILOILO,3,0,22/03/2020,REGION VI-WESTERN VISAYAS,2020
ILOILO,5,0,29/03/2020,REGION VI-WESTERN VISAYAS,2020
ILOILO,13,0,05/04/2020,REGION VI-WESTERN VISAYAS,2020
ILOILO,7,0,12/04/2020,REGION VI-WESTERN VISAYAS,2020
ILOILO,1,0,19/04/2020,REGION VI-WESTERN VISAYAS,2020
ILOILO,5,0,26/04/2020,REGION VI-WESTERN VISAYAS,2020
ILOILO,3,0,03/05/2020,REGION VI-WESTERN VISAYAS,2020
ILOILO,6,0,10/05/2020,REGION VI-WESTERN VISAYAS,2020
ILOILO,6,0,17/05/2020,REGION VI-WESTERN VISAYAS,2020
ILOILO,5,0,24/05/2020,REGION VI-WESTERN VISAYAS,2020
ILOILO,4,0,31/05/2020,REGION VI-WESTERN VISAYAS,2020
ILOILO,11,0,07/06/2020,REGION VI-WESTERN VISAYAS,2020
ILOILO,14,0,14/06/2020,REGION VI-WESTERN VISAYAS,2020
ILOILO,8,0,21/06/2020,REGION VI-WESTERN VISAYAS,2020
ILOILO,11,0,28/06/2020,REGION VI-WESTERN VISAYAS,2020
ILOILO,7,0,05/07/2020,REGION VI-WESTERN VISAYAS,2020
ILOILO,16,1,12/07/2020,REGION VI-WESTERN VISAYAS,2020
ILOILO,10,0,19/07/2020,REGION VI-WESTERN VISAYAS,2020
ILOILO,20,0,26/07/2020,REGION VI-WESTERN VISAYAS,2020
ILOILO,13,0,02/08/2020,REGION VI-WESTERN VISAYAS,2020
ILOILO,26,0,09/08/2020,REGION VI-WESTERN VISAYAS,2020
ILOILO,19,0,16/08/2020,REGION VI-WESTERN VISAYAS,2020
ILOILO,17,0,23/08/2020,REGION VI-WESTERN VISAYAS,2020
ILOILO,15,0,30/08/2020,REGION VI-WESTERN VISAYAS,2020
ILOILO,11,1,06/09/2020,REGION VI-WESTERN VISAYAS,2020
ILOILO,9,0,13/09/2020,REGION VI-WESTERN VISAYAS,2020
ILOILO,11,0,20/09/2020,REGION VI-WESTERN VISAYAS,2020
ILOILO,3,0,27/09/2020,REGION VI-WESTERN VISAYAS,2020
ILOILO,6,0,04/10/2020,REGION VI-WESTERN VISAYAS,2020
ILOILO,5,0,11/10/2020,REGION VI-WESTERN VISAYAS,2020
ILOILO,2,0,18/10/2020,REGION VI-WESTERN VISAYAS,2020
ILOILO,3,0,25/10/2020,REGION VI-WESTERN VISAYAS,2020
ILOILO,5,0,01/11/2020,REGION VI-WESTERN VISAYAS,2020
ILOILO,8,0,08/11/2020,REGION VI-WESTERN VISAYAS,2020
ILOILO,3,0,15/11/2020,REGION VI-WESTERN VISAYAS,2020
ILOILO,6,0,22/11/2020,REGION VI-WESTERN VISAYAS,2020
ILOILO,9,0,29/11/2020,REGION VI-WESTERN VISAYAS,2020
ILOILO,10,0,06/12/2020,REGION VI-WESTERN VISAYAS,2020
ILOILO,9,0,13/12/2020,REGION VI-WESTERN VISAYAS,2020
ILOILO,4,0,20/12/2020,REGION VI-WESTERN VISAYAS,2020
ILOILO,9,0,27/12/2020,REGION VI-WESTERN VISAYAS,2020
ILOILO CITY,9,0,12/01/2020,REGION VI-WESTERN VISAYAS,2020
ILOILO CITY,15,0,19/01/2020,REGION VI-WESTERN VISAYAS,2020
ILOILO CITY,17,0,26/01/2020,REGION VI-WESTERN VISAYAS,2020
ILOILO CITY,14,0,02/02/2020,REGION VI-WESTERN VISAYAS,2020
ILOILO CITY,12,0,09/02/2020,REGION VI-WESTERN VISAYAS,2020
ILOILO CITY,22,0,16/02/2020,REGION VI-WESTERN VISAYAS,2020
ILOILO CITY,10,0,23/02/2020,REGION VI-WESTERN VISAYAS,2020
ILOILO CITY,14,0,01/03/2020,REGION VI-WESTERN VISAYAS,2020
ILOILO CITY,14,0,08/03/2020,REGION VI-WESTERN VISAYAS,2020
ILOILO CITY,12,1,15/03/2020,REGION VI-WESTERN VISAYAS,2020
ILOILO CITY,10,0,22/03/2020,REGION VI-WESTERN VISAYAS,2020
ILOILO CITY,11,0,29/03/2020,REGION VI-WESTERN VISAYAS,2020
ILOILO CITY,5,0,05/04/2020,REGION VI-WESTERN VISAYAS,2020
ILOILO CITY,0,0,12/04/2020,REGION VI-WESTERN VISAYAS,2020
ILOILO CITY,1,0,19/04/2020,REGION VI-WESTERN VISAYAS,2020
ILOILO CITY,1,0,26/04/2020,REGION VI-WESTERN VISAYAS,2020
ILOILO CITY,2,0,03/05/2020,REGION VI-WESTERN VISAYAS,2020
ILOILO CITY,0,0,10/05/2020,REGION VI-WESTERN VISAYAS,2020
ILOILO CITY,1,0,17/05/2020,REGION VI-WESTERN VISAYAS,2020
ILOILO CITY,0,0,24/05/2020,REGION VI-WESTERN VISAYAS,2020
ILOILO CITY,1,0,31/05/2020,REGION VI-WESTERN VISAYAS,2020
ILOILO CITY,3,0,07/06/2020,REGION VI-WESTERN VISAYAS,2020
ILOILO CITY,3,0,14/06/2020,REGION VI-WESTERN VISAYAS,2020
ILOILO CITY,2,0,21/06/2020,REGION VI-WESTERN VISAYAS,2020
ILOILO CITY,4,0,28/06/2020,REGION VI-WESTERN VISAYAS,2020
ILOILO CITY,2,0,05/07/2020,REGION VI-WESTERN VISAYAS,2020
ILOILO CITY,7,0,12/07/2020,REGION VI-WESTERN VISAYAS,2020
ILOILO CITY,5,0,19/07/2020,REGION VI-WESTERN VISAYAS,2020
ILOILO CITY,4,0,26/07/2020,REGION VI-WESTERN VISAYAS,2020
ILOILO CITY,9,0,02/08/2020,REGION VI-WESTERN VISAYAS,2020
ILOILO CITY,6,0,09/08/2020,REGION VI-WESTERN VISAYAS,2020
ILOILO CITY,5,0,16/08/2020,REGION VI-WESTERN VISAYAS,2020
ILOILO CITY,8,0,23/08/2020,REGION VI-WESTERN VISAYAS,2020
ILOILO CITY,3,0,30/08/2020,REGION VI-WESTERN VISAYAS,2020
ILOILO CITY,2,0,06/09/2020,REGION VI-WESTERN VISAYAS,2020
ILOILO CITY,3,0,13/09/2020,REGION VI-WESTERN VISAYAS,2020
ILOILO CITY,3,0,20/09/2020,REGION VI-WESTERN VISAYAS,2020
ILOILO CITY,1,0,27/09/2020,REGION VI-WESTERN VISAYAS,2020
ILOILO CITY,0,0,04/10/2020,REGION VI-WESTERN VISAYAS,2020
ILOILO CITY,0,0,11/10/2020,REGION VI-WESTERN VISAYAS,2020
ILOILO CITY,1,0,18/10/2020,REGION VI-WESTERN VISAYAS,2020
ILOILO CITY,2,0,25/10/2020,REGION VI-WESTERN VISAYAS,2020
ILOILO CITY,0,0,01/11/2020,REGION VI-WESTERN VISAYAS,2020
ILOILO CITY,1,0,08/11/2020,REGION VI-WESTERN VISAYAS,2020
ILOILO CITY,2,1,15/11/2020,REGION VI-WESTERN VISAYAS,2020
ILOILO CITY,3,0,22/11/2020,REGION VI-WESTERN VISAYAS,2020
ILOILO CITY,8,0,29/11/2020,REGION VI-WESTERN VISAYAS,2020
ILOILO CITY,1,0,06/12/2020,REGION VI-WESTERN VISAYAS,2020
ILOILO CITY,0,0,13/12/2020,REGION VI-WESTERN VISAYAS,2020
ILOILO CITY,3,0,20/12/2020,REGION VI-WESTERN VISAYAS,2020
ILOILO CITY,5,0,27/12/2020,REGION VI-WESTERN VISAYAS,2020
NEGROS OCCIDENTAL,78,0,12/01/2020,REGION VI-WESTERN VISAYAS,2020
NEGROS OCCIDENTAL,112,0,19/01/2020,REGION VI-WESTERN VISAYAS,2020
NEGROS OCCIDENTAL,94,0,26/01/2020,REGION VI-WESTERN VISAYAS,2020
NEGROS OCCIDENTAL,86,0,02/02/2020,REGION VI-WESTERN VISAYAS,2020
NEGROS OCCIDENTAL,71,0,09/02/2020,REGION VI-WESTERN VISAYAS,2020
NEGROS OCCIDENTAL,85,0,16/02/2020,REGION VI-WESTERN VISAYAS,2020
NEGROS OCCIDENTAL,65,0,23/02/2020,REGION VI-WESTERN VISAYAS,2020
NEGROS OCCIDENTAL,45,1,01/03/2020,REGION VI-WESTERN VISAYAS,2020
NEGROS OCCIDENTAL,36,0,08/03/2020,REGION VI-WESTERN VISAYAS,2020
NEGROS OCCIDENTAL,49,0,15/03/2020,REGION VI-WESTERN VISAYAS,2020
NEGROS OCCIDENTAL,39,0,22/03/2020,REGION VI-WESTERN VISAYAS,2020
NEGROS OCCIDENTAL,27,0,29/03/2020,REGION VI-WESTERN VISAYAS,2020
NEGROS OCCIDENTAL,20,0,05/04/2020,REGION VI-WESTERN VISAYAS,2020
NEGROS OCCIDENTAL,21,0,12/04/2020,REGION VI-WESTERN VISAYAS,2020
NEGROS OCCIDENTAL,16,0,19/04/2020,REGION VI-WESTERN VISAYAS,2020
NEGROS OCCIDENTAL,12,0,26/04/2020,REGION VI-WESTERN VISAYAS,2020
NEGROS OCCIDENTAL,12,0,03/05/2020,REGION VI-WESTERN VISAYAS,2020
NEGROS OCCIDENTAL,3,0,10/05/2020,REGION VI-WESTERN VISAYAS,2020
NEGROS OCCIDENTAL,9,0,17/05/2020,REGION VI-WESTERN VISAYAS,2020
NEGROS OCCIDENTAL,10,1,24/05/2020,REGION VI-WESTERN VISAYAS,2020
NEGROS OCCIDENTAL,8,0,31/05/2020,REGION VI-WESTERN VISAYAS,2020
NEGROS OCCIDENTAL,20,0,07/06/2020,REGION VI-WESTERN VISAYAS,2020
NEGROS OCCIDENTAL,15,0,14/06/2020,REGION VI-WESTERN VISAYAS,2020
NEGROS OCCIDENTAL,27,0,21/06/2020,REGION VI-WESTERN VISAYAS,2020
NEGROS OCCIDENTAL,27,0,28/06/2020,REGION VI-WESTERN VISAYAS,2020
NEGROS OCCIDENTAL,24,0,05/07/2020,REGION VI-WESTERN VISAYAS,2020
NEGROS OCCIDENTAL,37,0,12/07/2020,REGION VI-WESTERN VISAYAS,2020
NEGROS OCCIDENTAL,31,0,19/07/2020,REGION VI-WESTERN VISAYAS,2020
NEGROS OCCIDENTAL,7,0,26/07/2020,REGION VI-WESTERN VISAYAS,2020
NEGROS OCCIDENTAL,43,0,02/08/2020,REGION VI-WESTERN VISAYAS,2020
NEGROS OCCIDENTAL,20,0,09/08/2020,REGION VI-WESTERN VISAYAS,2020
NEGROS OCCIDENTAL,17,0,16/08/2020,REGION VI-WESTERN VISAYAS,2020
NEGROS OCCIDENTAL,13,0,23/08/2020,REGION VI-WESTERN VISAYAS,2020
NEGROS OCCIDENTAL,9,0,30/08/2020,REGION VI-WESTERN VISAYAS,2020
NEGROS OCCIDENTAL,8,0,06/09/2020,REGION VI-WESTERN VISAYAS,2020
NEGROS OCCIDENTAL,8,0,13/09/2020,REGION VI-WESTERN VISAYAS,2020
NEGROS OCCIDENTAL,11,0,20/09/2020,REGION VI-WESTERN VISAYAS,2020
NEGROS OCCIDENTAL,5,0,27/09/2020,REGION VI-WESTERN VISAYAS,2020
NEGROS OCCIDENTAL,2,0,04/10/2020,REGION VI-WESTERN VISAYAS,2020
NEGROS OCCIDENTAL,2,0,11/10/2020,REGION VI-WESTERN VISAYAS,2020
NEGROS OCCIDENTAL,4,0,18/10/2020,REGION VI-WESTERN VISAYAS,2020
NEGROS OCCIDENTAL,2,0,25/10/2020,REGION VI-WESTERN VISAYAS,2020
NEGROS OCCIDENTAL,5,0,01/11/2020,REGION VI-WESTERN VISAYAS,2020
NEGROS OCCIDENTAL,1,0,08/11/2020,REGION VI-WESTERN VISAYAS,2020
NEGROS OCCIDENTAL,8,0,15/11/2020,REGION VI-WESTERN VISAYAS,2020
NEGROS OCCIDENTAL,3,0,22/11/2020,REGION VI-WESTERN VISAYAS,2020
NEGROS OCCIDENTAL,3,0,29/11/2020,REGION VI-WESTERN VISAYAS,2020
NEGROS OCCIDENTAL,2,0,06/12/2020,REGION VI-WESTERN VISAYAS,2020
NEGROS OCCIDENTAL,4,0,13/12/2020,REGION VI-WESTERN VISAYAS,2020
NEGROS OCCIDENTAL,3,0,20/12/2020,REGION VI-WESTERN VISAYAS,2020
NEGROS OCCIDENTAL,0,0,27/12/2020,REGION VI-WESTERN VISAYAS,2020
BOHOL,124,1,12/01/2020,REGION VII-CENTRAL VISAYAS,2020
BOHOL,247,1,19/01/2020,REGION VII-CENTRAL VISAYAS,2020
BOHOL,233,1,26/01/2020,REGION VII-CENTRAL VISAYAS,2020
BOHOL,264,0,02/02/2020,REGION VII-CENTRAL VISAYAS,2020
BOHOL,274,3,09/02/2020,REGION VII-CENTRAL VISAYAS,2020
BOHOL,236,0,16/02/2020,REGION VII-CENTRAL VISAYAS,2020
BOHOL,102,0,23/02/2020,REGION VII-CENTRAL VISAYAS,2020
BOHOL,57,0,01/03/2020,REGION VII-CENTRAL VISAYAS,2020
BOHOL,84,0,08/03/2020,REGION VII-CENTRAL VISAYAS,2020
BOHOL,114,0,15/03/2020,REGION VII-CENTRAL VISAYAS,2020
BOHOL,96,0,22/03/2020,REGION VII-CENTRAL VISAYAS,2020
BOHOL,92,2,29/03/2020,REGION VII-CENTRAL VISAYAS,2020
BOHOL,59,0,05/04/2020,REGION VII-CENTRAL VISAYAS,2020
BOHOL,77,0,12/04/2020,REGION VII-CENTRAL VISAYAS,2020
BOHOL,49,1,19/04/2020,REGION VII-CENTRAL VISAYAS,2020
BOHOL,39,0,26/04/2020,REGION VII-CENTRAL VISAYAS,2020
BOHOL,43,1,03/05/2020,REGION VII-CENTRAL VISAYAS,2020
BOHOL,37,0,10/05/2020,REGION VII-CENTRAL VISAYAS,2020
BOHOL,27,0,17/05/2020,REGION VII-CENTRAL VISAYAS,2020
BOHOL,22,0,24/05/2020,REGION VII-CENTRAL VISAYAS,2020
BOHOL,24,0,31/05/2020,REGION VII-CENTRAL VISAYAS,2020
BOHOL,16,0,07/06/2020,REGION VII-CENTRAL VISAYAS,2020
BOHOL,22,0,14/06/2020,REGION VII-CENTRAL VISAYAS,2020
BOHOL,19,0,21/06/2020,REGION VII-CENTRAL VISAYAS,2020
BOHOL,29,0,28/06/2020,REGION VII-CENTRAL VISAYAS,2020
BOHOL,16,0,05/07/2020,REGION VII-CENTRAL VISAYAS,2020
BOHOL,33,0,12/07/2020,REGION VII-CENTRAL VISAYAS,2020
BOHOL,23,0,19/07/2020,REGION VII-CENTRAL VISAYAS,2020
BOHOL,34,0,26/07/2020,REGION VII-CENTRAL VISAYAS,2020
BOHOL,34,0,02/08/2020,REGION VII-CENTRAL VISAYAS,2020
BOHOL,32,0,09/08/2020,REGION VII-CENTRAL VISAYAS,2020
BOHOL,24,0,16/08/2020,REGION VII-CENTRAL VISAYAS,2020
BOHOL,11,0,23/08/2020,REGION VII-CENTRAL VISAYAS,2020
BOHOL,26,0,30/08/2020,REGION VII-CENTRAL VISAYAS,2020
BOHOL,25,0,06/09/2020,REGION VII-CENTRAL VISAYAS,2020
BOHOL,15,0,13/09/2020,REGION VII-CENTRAL VISAYAS,2020
BOHOL,14,0,20/09/2020,REGION VII-CENTRAL VISAYAS,2020
BOHOL,22,0,27/09/2020,REGION VII-CENTRAL VISAYAS,2020
BOHOL,9,0,04/10/2020,REGION VII-CENTRAL VISAYAS,2020
BOHOL,8,0,11/10/2020,REGION VII-CENTRAL VISAYAS,2020
BOHOL,6,0,18/10/2020,REGION VII-CENTRAL VISAYAS,2020
BOHOL,3,0,25/10/2020,REGION VII-CENTRAL VISAYAS,2020
BOHOL,7,0,01/11/2020,REGION VII-CENTRAL VISAYAS,2020
BOHOL,9,0,08/11/2020,REGION VII-CENTRAL VISAYAS,2020
BOHOL,13,1,15/11/2020,REGION VII-CENTRAL VISAYAS,2020
BOHOL,6,0,22/11/2020,REGION VII-CENTRAL VISAYAS,2020
BOHOL,7,0,29/11/2020,REGION VII-CENTRAL VISAYAS,2020
BOHOL,9,0,06/12/2020,REGION VII-CENTRAL VISAYAS,2020
BOHOL,4,0,13/12/2020,REGION VII-CENTRAL VISAYAS,2020
BOHOL,3,0,20/12/2020,REGION VII-CENTRAL VISAYAS,2020
BOHOL,11,0,27/12/2020,REGION VII-CENTRAL VISAYAS,2020
CEBU,149,0,12/01/2020,REGION VII-CENTRAL VISAYAS,2020
CEBU,302,1,19/01/2020,REGION VII-CENTRAL VISAYAS,2020
CEBU,299,0,26/01/2020,REGION VII-CENTRAL VISAYAS,2020
CEBU,339,4,02/02/2020,REGION VII-CENTRAL VISAYAS,2020
CEBU,338,0,09/02/2020,REGION VII-CENTRAL VISAYAS,2020
CEBU,339,3,16/02/2020,REGION VII-CENTRAL VISAYAS,2020
CEBU,220,1,23/02/2020,REGION VII-CENTRAL VISAYAS,2020
CEBU,178,0,01/03/2020,REGION VII-CENTRAL VISAYAS,2020
CEBU,186,0,08/03/2020,REGION VII-CENTRAL VISAYAS,2020
CEBU,168,2,15/03/2020,REGION VII-CENTRAL VISAYAS,2020
CEBU,133,1,22/03/2020,REGION VII-CENTRAL VISAYAS,2020
CEBU,104,0,29/03/2020,REGION VII-CENTRAL VISAYAS,2020
CEBU,53,0,05/04/2020,REGION VII-CENTRAL VISAYAS,2020
CEBU,42,0,12/04/2020,REGION VII-CENTRAL VISAYAS,2020
CEBU,42,0,19/04/2020,REGION VII-CENTRAL VISAYAS,2020
CEBU,13,0,26/04/2020,REGION VII-CENTRAL VISAYAS,2020
CEBU,6,0,03/05/2020,REGION VII-CENTRAL VISAYAS,2020
CEBU,5,1,10/05/2020,REGION VII-CENTRAL VISAYAS,2020
CEBU,6,0,17/05/2020,REGION VII-CENTRAL VISAYAS,2020
CEBU,11,0,24/05/2020,REGION VII-CENTRAL VISAYAS,2020
CEBU,3,0,31/05/2020,REGION VII-CENTRAL VISAYAS,2020
CEBU,8,0,07/06/2020,REGION VII-CENTRAL VISAYAS,2020
CEBU,10,0,14/06/2020,REGION VII-CENTRAL VISAYAS,2020
CEBU,8,1,21/06/2020,REGION VII-CENTRAL VISAYAS,2020
CEBU,9,0,28/06/2020,REGION VII-CENTRAL VISAYAS,2020
CEBU,16,0,05/07/2020,REGION VII-CENTRAL VISAYAS,2020
CEBU,9,0,12/07/2020,REGION VII-CENTRAL VISAYAS,2020
CEBU,13,1,19/07/2020,REGION VII-CENTRAL VISAYAS,2020
CEBU,22,0,26/07/2020,REGION VII-CENTRAL VISAYAS,2020
CEBU,14,0,02/08/2020,REGION VII-CENTRAL VISAYAS,2020
CEBU,16,0,09/08/2020,REGION VII-CENTRAL VISAYAS,2020
CEBU,17,0,16/08/2020,REGION VII-CENTRAL VISAYAS,2020
CEBU,18,0,23/08/2020,REGION VII-CENTRAL VISAYAS,2020
CEBU,24,1,30/08/2020,REGION VII-CENTRAL VISAYAS,2020
CEBU,14,0,06/09/2020,REGION VII-CENTRAL VISAYAS,2020
CEBU,13,1,13/09/2020,REGION VII-CENTRAL VISAYAS,2020
CEBU,17,1,20/09/2020,REGION VII-CENTRAL VISAYAS,2020
CEBU,18,0,27/09/2020,REGION VII-CENTRAL VISAYAS,2020
CEBU,9,0,04/10/2020,REGION VII-CENTRAL VISAYAS,2020
CEBU,8,0,11/10/2020,REGION VII-CENTRAL VISAYAS,2020
CEBU,9,0,18/10/2020,REGION VII-CENTRAL VISAYAS,2020
CEBU,13,0,25/10/2020,REGION VII-CENTRAL VISAYAS,2020
CEBU,20,0,01/11/2020,REGION VII-CENTRAL VISAYAS,2020
CEBU,26,0,08/11/2020,REGION VII-CENTRAL VISAYAS,2020
CEBU,9,0,15/11/2020,REGION VII-CENTRAL VISAYAS,2020
CEBU,9,0,22/11/2020,REGION VII-CENTRAL VISAYAS,2020
CEBU,21,1,29/11/2020,REGION VII-CENTRAL VISAYAS,2020
CEBU,21,0,06/12/2020,REGION VII-CENTRAL VISAYAS,2020
CEBU,15,0,13/12/2020,REGION VII-CENTRAL VISAYAS,2020
CEBU,15,0,20/12/2020,REGION VII-CENTRAL VISAYAS,2020
CEBU,19,0,27/12/2020,REGION VII-CENTRAL VISAYAS,2020
CEBU CITY,58,0,12/01/2020,REGION VII-CENTRAL VISAYAS,2020
CEBU CITY,124,0,19/01/2020,REGION VII-CENTRAL VISAYAS,2020
CEBU CITY,129,0,26/01/2020,REGION VII-CENTRAL VISAYAS,2020
CEBU CITY,159,1,02/02/2020,REGION VII-CENTRAL VISAYAS,2020
CEBU CITY,121,1,09/02/2020,REGION VII-CENTRAL VISAYAS,2020
CEBU CITY,113,0,16/02/2020,REGION VII-CENTRAL VISAYAS,2020
CEBU CITY,77,2,23/02/2020,REGION VII-CENTRAL VISAYAS,2020
CEBU CITY,93,0,01/03/2020,REGION VII-CENTRAL VISAYAS,2020
CEBU CITY,87,1,08/03/2020,REGION VII-CENTRAL VISAYAS,2020
CEBU CITY,88,0,15/03/2020,REGION VII-CENTRAL VISAYAS,2020
CEBU CITY,79,0,22/03/2020,REGION VII-CENTRAL VISAYAS,2020
CEBU CITY,41,0,29/03/2020,REGION VII-CENTRAL VISAYAS,2020
CEBU CITY,35,0,05/04/2020,REGION VII-CENTRAL VISAYAS,2020
CEBU CITY,14,0,12/04/2020,REGION VII-CENTRAL VISAYAS,2020
CEBU CITY,10,1,19/04/2020,REGION VII-CENTRAL VISAYAS,2020
CEBU CITY,6,0,26/04/2020,REGION VII-CENTRAL VISAYAS,2020
CEBU CITY,5,0,03/05/2020,REGION VII-CENTRAL VISAYAS,2020
CEBU CITY,0,0,10/05/2020,REGION VII-CENTRAL VISAYAS,2020
CEBU CITY,1,0,17/05/2020,REGION VII-CENTRAL VISAYAS,2020
CEBU CITY,4,0,24/05/2020,REGION VII-CENTRAL VISAYAS,2020
CEBU CITY,4,1,31/05/2020,REGION VII-CENTRAL VISAYAS,2020
CEBU CITY,3,0,07/06/2020,REGION VII-CENTRAL VISAYAS,2020
CEBU CITY,5,0,14/06/2020,REGION VII-CENTRAL VISAYAS,2020
CEBU CITY,0,0,21/06/2020,REGION VII-CENTRAL VISAYAS,2020
CEBU CITY,8,0,28/06/2020,REGION VII-CENTRAL VISAYAS,2020
CEBU CITY,1,0,05/07/2020,REGION VII-CENTRAL VISAYAS,2020
CEBU CITY,5,1,12/07/2020,REGION VII-CENTRAL VISAYAS,2020
CEBU CITY,2,0,19/07/2020,REGION VII-CENTRAL VISAYAS,2020
CEBU CITY,1,0,26/07/2020,REGION VII-CENTRAL VISAYAS,2020
CEBU CITY,1,1,02/08/2020,REGION VII-CENTRAL VISAYAS,2020
CEBU CITY,2,0,09/08/2020,REGION VII-CENTRAL VISAYAS,2020
CEBU CITY,2,1,16/08/2020,REGION VII-CENTRAL VISAYAS,2020
CEBU CITY,2,0,23/08/2020,REGION VII-CENTRAL VISAYAS,2020
CEBU CITY,5,0,30/08/2020,REGION VII-CENTRAL VISAYAS,2020
CEBU CITY,3,1,06/09/2020,REGION VII-CENTRAL VISAYAS,2020
CEBU CITY,3,0,13/09/2020,REGION VII-CENTRAL VISAYAS,2020
CEBU CITY,4,0,20/09/2020,REGION VII-CENTRAL VISAYAS,2020
CEBU CITY,4,0,27/09/2020,REGION VII-CENTRAL VISAYAS,2020
CEBU CITY,3,0,04/10/2020,REGION VII-CENTRAL VISAYAS,2020
CEBU CITY,2,0,11/10/2020,REGION VII-CENTRAL VISAYAS,2020
CEBU CITY,2,0,18/10/2020,REGION VII-CENTRAL VISAYAS,2020
CEBU CITY,2,0,25/10/2020,REGION VII-CENTRAL VISAYAS,2020
CEBU CITY,3,0,01/11/2020,REGION VII-CENTRAL VISAYAS,2020
CEBU CITY,3,0,08/11/2020,REGION VII-CENTRAL VISAYAS,2020
CEBU CITY,2,0,15/11/2020,REGION VII-CENTRAL VISAYAS,2020
CEBU CITY,2,0,22/11/2020,REGION VII-CENTRAL VISAYAS,2020
CEBU CITY,5,0,29/11/2020,REGION VII-CENTRAL VISAYAS,2020
CEBU CITY,6,0,06/12/2020,REGION VII-CENTRAL VISAYAS,2020
CEBU CITY,5,0,13/12/2020,REGION VII-CENTRAL VISAYAS,2020
CEBU CITY,7,0,20/12/2020,REGION VII-CENTRAL VISAYAS,2020
CEBU CITY,4,0,27/12/2020,REGION VII-CENTRAL VISAYAS,2020
LAPU-LAPU CITY,57,0,12/01/2020,REGION VII-CENTRAL VISAYAS,2020
LAPU-LAPU CITY,122,0,19/01/2020,REGION VII-CENTRAL VISAYAS,2020
LAPU-LAPU CITY,127,0,26/01/2020,REGION VII-CENTRAL VISAYAS,2020
LAPU-LAPU CITY,88,0,02/02/2020,REGION VII-CENTRAL VISAYAS,2020
LAPU-LAPU CITY,80,0,09/02/2020,REGION VII-CENTRAL VISAYAS,2020
LAPU-LAPU CITY,48,0,16/02/2020,REGION VII-CENTRAL VISAYAS,2020
LAPU-LAPU CITY,43,0,23/02/2020,REGION VII-CENTRAL VISAYAS,2020
LAPU-LAPU CITY,25,0,01/03/2020,REGION VII-CENTRAL VISAYAS,2020
LAPU-LAPU CITY,25,0,08/03/2020,REGION VII-CENTRAL VISAYAS,2020
LAPU-LAPU CITY,33,0,15/03/2020,REGION VII-CENTRAL VISAYAS,2020
LAPU-LAPU CITY,18,0,22/03/2020,REGION VII-CENTRAL VISAYAS,2020
LAPU-LAPU CITY,12,0,29/03/2020,REGION VII-CENTRAL VISAYAS,2020
LAPU-LAPU CITY,1,0,05/04/2020,REGION VII-CENTRAL VISAYAS,2020
LAPU-LAPU CITY,4,0,12/04/2020,REGION VII-CENTRAL VISAYAS,2020
LAPU-LAPU CITY,1,0,19/04/2020,REGION VII-CENTRAL VISAYAS,2020
LAPU-LAPU CITY,1,0,26/04/2020,REGION VII-CENTRAL VISAYAS,2020
LAPU-LAPU CITY,5,0,03/05/2020,REGION VII-CENTRAL VISAYAS,2020
LAPU-LAPU CITY,4,0,10/05/2020,REGION VII-CENTRAL VISAYAS,2020
LAPU-LAPU CITY,2,0,17/05/2020,REGION VII-CENTRAL VISAYAS,2020
LAPU-LAPU CITY,0,0,24/05/2020,REGION VII-CENTRAL VISAYAS,2020
LAPU-LAPU CITY,0,0,31/05/2020,REGION VII-CENTRAL VISAYAS,2020
LAPU-LAPU CITY,3,0,07/06/2020,REGION VII-CENTRAL VISAYAS,2020
LAPU-LAPU CITY,1,1,14/06/2020,REGION VII-CENTRAL VISAYAS,2020
LAPU-LAPU CITY,0,0,21/06/2020,REGION VII-CENTRAL VISAYAS,2020
LAPU-LAPU CITY,0,0,28/06/2020,REGION VII-CENTRAL VISAYAS,2020
LAPU-LAPU CITY,0,0,05/07/2020,REGION VII-CENTRAL VISAYAS,2020
LAPU-LAPU CITY,0,0,12/07/2020,REGION VII-CENTRAL VISAYAS,2020
LAPU-LAPU CITY,1,0,19/07/2020,REGION VII-CENTRAL VISAYAS,2020
LAPU-LAPU CITY,0,0,26/07/2020,REGION VII-CENTRAL VISAYAS,2020
LAPU-LAPU CITY,0,0,02/08/2020,REGION VII-CENTRAL VISAYAS,2020
LAPU-LAPU CITY,0,0,09/08/2020,REGION VII-CENTRAL VISAYAS,2020
LAPU-LAPU CITY,0,0,16/08/2020,REGION VII-CENTRAL VISAYAS,2020
LAPU-LAPU CITY,1,1,23/08/2020,REGION VII-CENTRAL VISAYAS,2020
LAPU-LAPU CITY,1,0,30/08/2020,REGION VII-CENTRAL VISAYAS,2020
LAPU-LAPU CITY,0,0,06/09/2020,REGION VII-CENTRAL VISAYAS,2020
LAPU-LAPU CITY,1,0,13/09/2020,REGION VII-CENTRAL VISAYAS,2020
LAPU-LAPU CITY,3,0,20/09/2020,REGION VII-CENTRAL VISAYAS,2020
LAPU-LAPU CITY,2,0,27/09/2020,REGION VII-CENTRAL VISAYAS,2020
LAPU-LAPU CITY,1,0,04/10/2020,REGION VII-CENTRAL VISAYAS,2020
LAPU-LAPU CITY,0,0,11/10/2020,REGION VII-CENTRAL VISAYAS,2020
LAPU-LAPU CITY,1,0,18/10/2020,REGION VII-CENTRAL VISAYAS,2020
LAPU-LAPU CITY,3,0,25/10/2020,REGION VII-CENTRAL VISAYAS,2020
LAPU-LAPU CITY,1,0,01/11/2020,REGION VII-CENTRAL VISAYAS,2020
LAPU-LAPU CITY,3,0,08/11/2020,REGION VII-CENTRAL VISAYAS,2020
LAPU-LAPU CITY,3,0,15/11/2020,REGION VII-CENTRAL VISAYAS,2020
LAPU-LAPU CITY,0,0,22/11/2020,REGION VII-CENTRAL VISAYAS,2020
LAPU-LAPU CITY,1,0,29/11/2020,REGION VII-CENTRAL VISAYAS,2020
LAPU-LAPU CITY,4,0,06/12/2020,REGION VII-CENTRAL VISAYAS,2020
LAPU-LAPU CITY,2,0,13/12/2020,REGION VII-CENTRAL VISAYAS,2020
LAPU-LAPU CITY,4,0,20/12/2020,REGION VII-CENTRAL VISAYAS,2020
LAPU-LAPU CITY,0,0,27/12/2020,REGION VII-CENTRAL VISAYAS,2020
MANDAUE CITY,32,0,12/01/2020,REGION VII-CENTRAL VISAYAS,2020
MANDAUE CITY,55,0,19/01/2020,REGION VII-CENTRAL VISAYAS,2020
MANDAUE CITY,51,0,26/01/2020,REGION VII-CENTRAL VISAYAS,2020
MANDAUE CITY,43,1,02/02/2020,REGION VII-CENTRAL VISAYAS,2020
MANDAUE CITY,38,0,09/02/2020,REGION VII-CENTRAL VISAYAS,2020
MANDAUE CITY,30,0,16/02/2020,REGION VII-CENTRAL VISAYAS,2020
MANDAUE CITY,26,0,23/02/2020,REGION VII-CENTRAL VISAYAS,2020
MANDAUE CITY,22,0,01/03/2020,REGION VII-CENTRAL VISAYAS,2020
MANDAUE CITY,14,0,08/03/2020,REGION VII-CENTRAL VISAYAS,2020
MANDAUE CITY,18,0,15/03/2020,REGION VII-CENTRAL VISAYAS,2020
MANDAUE CITY,15,0,22/03/2020,REGION VII-CENTRAL VISAYAS,2020
MANDAUE CITY,11,0,29/03/2020,REGION VII-CENTRAL VISAYAS,2020
MANDAUE CITY,3,0,05/04/2020,REGION VII-CENTRAL VISAYAS,2020
MANDAUE CITY,2,0,12/04/2020,REGION VII-CENTRAL VISAYAS,2020
MANDAUE CITY,3,0,19/04/2020,REGION VII-CENTRAL VISAYAS,2020
MANDAUE CITY,0,0,26/04/2020,REGION VII-CENTRAL VISAYAS,2020
MANDAUE CITY,2,0,03/05/2020,REGION VII-CENTRAL VISAYAS,2020
MANDAUE CITY,0,0,10/05/2020,REGION VII-CENTRAL VISAYAS,2020
MANDAUE CITY,2,0,17/05/2020,REGION VII-CENTRAL VISAYAS,2020
MANDAUE CITY,0,0,24/05/2020,REGION VII-CENTRAL VISAYAS,2020
MANDAUE CITY,0,0,31/05/2020,REGION VII-CENTRAL VISAYAS,2020
MANDAUE CITY,1,0,07/06/2020,REGION VII-CENTRAL VISAYAS,2020
MANDAUE CITY,0,0,14/06/2020,REGION VII-CENTRAL VISAYAS,2020
MANDAUE CITY,0,0,21/06/2020,REGION VII-CENTRAL VISAYAS,2020
MANDAUE CITY,0,0,28/06/2020,REGION VII-CENTRAL VISAYAS,2020
MANDAUE CITY,1,0,05/07/2020,REGION VII-CENTRAL VISAYAS,2020
MANDAUE CITY,0,0,12/07/2020,REGION VII-CENTRAL VISAYAS,2020
MANDAUE CITY,0,0,19/07/2020,REGION VII-CENTRAL VISAYAS,2020
MANDAUE CITY,0,0,26/07/2020,REGION VII-CENTRAL VISAYAS,2020
MANDAUE CITY,1,0,02/08/2020,REGION VII-CENTRAL VISAYAS,2020
MANDAUE CITY,1,0,09/08/2020,REGION VII-CENTRAL VISAYAS,2020
MANDAUE CITY,0,0,16/08/2020,REGION VII-CENTRAL VISAYAS,2020
MANDAUE CITY,0,0,23/08/2020,REGION VII-CENTRAL VISAYAS,2020
MANDAUE CITY,0,0,30/08/2020,REGION VII-CENTRAL VISAYAS,2020
MANDAUE CITY,1,0,06/09/2020,REGION VII-CENTRAL VISAYAS,2020
MANDAUE CITY,1,0,13/09/2020,REGION VII-CENTRAL VISAYAS,2020
MANDAUE CITY,1,0,20/09/2020,REGION VII-CENTRAL VISAYAS,2020
MANDAUE CITY,1,0,27/09/2020,REGION VII-CENTRAL VISAYAS,2020
MANDAUE CITY,2,0,04/10/2020,REGION VII-CENTRAL VISAYAS,2020
MANDAUE CITY,0,0,11/10/2020,REGION VII-CENTRAL VISAYAS,2020
MANDAUE CITY,0,0,18/10/2020,REGION VII-CENTRAL VISAYAS,2020
MANDAUE CITY,2,0,25/10/2020,REGION VII-CENTRAL VISAYAS,2020
MANDAUE CITY,4,0,01/11/2020,REGION VII-CENTRAL VISAYAS,2020
MANDAUE CITY,0,0,08/11/2020,REGION VII-CENTRAL VISAYAS,2020
MANDAUE CITY,0,0,15/11/2020,REGION VII-CENTRAL VISAYAS,2020
MANDAUE CITY,1,0,22/11/2020,REGION VII-CENTRAL VISAYAS,2020
MANDAUE CITY,2,0,29/11/2020,REGION VII-CENTRAL VISAYAS,2020
MANDAUE CITY,14,0,06/12/2020,REGION VII-CENTRAL VISAYAS,2020
MANDAUE CITY,4,0,13/12/2020,REGION VII-CENTRAL VISAYAS,2020
MANDAUE CITY,0,0,20/12/2020,REGION VII-CENTRAL VISAYAS,2020
MANDAUE CITY,2,0,27/12/2020,REGION VII-CENTRAL VISAYAS,2020
 NEGROS ORIENTAL,65,0,12/01/2020,REGION VII-CENTRAL VISAYAS,2020
 NEGROS ORIENTAL,129,0,19/01/2020,REGION VII-CENTRAL VISAYAS,2020
 NEGROS ORIENTAL,119,0,26/01/2020,REGION VII-CENTRAL VISAYAS,2020
 NEGROS ORIENTAL,107,2,02/02/2020,REGION VII-CENTRAL VISAYAS,2020
 NEGROS ORIENTAL,122,0,09/02/2020,REGION VII-CENTRAL VISAYAS,2020
 NEGROS ORIENTAL,108,0,16/02/2020,REGION VII-CENTRAL VISAYAS,2020
 NEGROS ORIENTAL,91,0,23/02/2020,REGION VII-CENTRAL VISAYAS,2020
 NEGROS ORIENTAL,75,0,01/03/2020,REGION VII-CENTRAL VISAYAS,2020
 NEGROS ORIENTAL,85,0,08/03/2020,REGION VII-CENTRAL VISAYAS,2020
 NEGROS ORIENTAL,54,0,15/03/2020,REGION VII-CENTRAL VISAYAS,2020
 NEGROS ORIENTAL,50,0,22/03/2020,REGION VII-CENTRAL VISAYAS,2020
 NEGROS ORIENTAL,27,0,29/03/2020,REGION VII-CENTRAL VISAYAS,2020
 NEGROS ORIENTAL,31,0,05/04/2020,REGION VII-CENTRAL VISAYAS,2020
 NEGROS ORIENTAL,33,0,12/04/2020,REGION VII-CENTRAL VISAYAS,2020
 NEGROS ORIENTAL,25,0,19/04/2020,REGION VII-CENTRAL VISAYAS,2020
 NEGROS ORIENTAL,22,0,26/04/2020,REGION VII-CENTRAL VISAYAS,2020
 NEGROS ORIENTAL,17,0,03/05/2020,REGION VII-CENTRAL VISAYAS,2020
 NEGROS ORIENTAL,15,0,10/05/2020,REGION VII-CENTRAL VISAYAS,2020
 NEGROS ORIENTAL,15,0,17/05/2020,REGION VII-CENTRAL VISAYAS,2020
 NEGROS ORIENTAL,15,0,24/05/2020,REGION VII-CENTRAL VISAYAS,2020
 NEGROS ORIENTAL,9,0,31/05/2020,REGION VII-CENTRAL VISAYAS,2020
 NEGROS ORIENTAL,28,0,07/06/2020,REGION VII-CENTRAL VISAYAS,2020
 NEGROS ORIENTAL,18,0,14/06/2020,REGION VII-CENTRAL VISAYAS,2020
 NEGROS ORIENTAL,28,0,21/06/2020,REGION VII-CENTRAL VISAYAS,2020
 NEGROS ORIENTAL,27,0,28/06/2020,REGION VII-CENTRAL VISAYAS,2020
 NEGROS ORIENTAL,15,0,05/07/2020,REGION VII-CENTRAL VISAYAS,2020
 NEGROS ORIENTAL,38,0,12/07/2020,REGION VII-CENTRAL VISAYAS,2020
 NEGROS ORIENTAL,53,0,19/07/2020,REGION VII-CENTRAL VISAYAS,2020
 NEGROS ORIENTAL,50,0,26/07/2020,REGION VII-CENTRAL VISAYAS,2020
 NEGROS ORIENTAL,63,1,02/08/2020,REGION VII-CENTRAL VISAYAS,2020
 NEGROS ORIENTAL,73,0,09/08/2020,REGION VII-CENTRAL VISAYAS,2020
 NEGROS ORIENTAL,59,0,16/08/2020,REGION VII-CENTRAL VISAYAS,2020
 NEGROS ORIENTAL,65,0,23/08/2020,REGION VII-CENTRAL VISAYAS,2020
 NEGROS ORIENTAL,78,0,30/08/2020,REGION VII-CENTRAL VISAYAS,2020
 NEGROS ORIENTAL,83,0,06/09/2020,REGION VII-CENTRAL VISAYAS,2020
 NEGROS ORIENTAL,71,0,13/09/2020,REGION VII-CENTRAL VISAYAS,2020
 NEGROS ORIENTAL,58,1,20/09/2020,REGION VII-CENTRAL VISAYAS,2020
 NEGROS ORIENTAL,63,0,27/09/2020,REGION VII-CENTRAL VISAYAS,2020
 NEGROS ORIENTAL,69,0,04/10/2020,REGION VII-CENTRAL VISAYAS,2020
 NEGROS ORIENTAL,65,0,11/10/2020,REGION VII-CENTRAL VISAYAS,2020
 NEGROS ORIENTAL,59,0,18/10/2020,REGION VII-CENTRAL VISAYAS,2020
 NEGROS ORIENTAL,46,0,25/10/2020,REGION VII-CENTRAL VISAYAS,2020
 NEGROS ORIENTAL,25,0,01/11/2020,REGION VII-CENTRAL VISAYAS,2020
 NEGROS ORIENTAL,16,0,08/11/2020,REGION VII-CENTRAL VISAYAS,2020
 NEGROS ORIENTAL,26,0,15/11/2020,REGION VII-CENTRAL VISAYAS,2020
 NEGROS ORIENTAL,26,1,22/11/2020,REGION VII-CENTRAL VISAYAS,2020
 NEGROS ORIENTAL,15,0,29/11/2020,REGION VII-CENTRAL VISAYAS,2020
 NEGROS ORIENTAL,8,0,06/12/2020,REGION VII-CENTRAL VISAYAS,2020
 NEGROS ORIENTAL,12,0,13/12/2020,REGION VII-CENTRAL VISAYAS,2020
 NEGROS ORIENTAL,10,0,20/12/2020,REGION VII-CENTRAL VISAYAS,2020
 NEGROS ORIENTAL,11,0,27/12/2020,REGION VII-CENTRAL VISAYAS,2020
SISQUIJOR,7,0,12/01/2020,REGION VII-CENTRAL VISAYAS,2020
SISQUIJOR,17,0,19/01/2020,REGION VII-CENTRAL VISAYAS,2020
SISQUIJOR,16,0,26/01/2020,REGION VII-CENTRAL VISAYAS,2020
SISQUIJOR,17,0,02/02/2020,REGION VII-CENTRAL VISAYAS,2020
SISQUIJOR,17,0,09/02/2020,REGION VII-CENTRAL VISAYAS,2020
SISQUIJOR,15,0,16/02/2020,REGION VII-CENTRAL VISAYAS,2020
SISQUIJOR,9,0,23/02/2020,REGION VII-CENTRAL VISAYAS,2020
SISQUIJOR,6,0,01/03/2020,REGION VII-CENTRAL VISAYAS,2020
SISQUIJOR,7,0,08/03/2020,REGION VII-CENTRAL VISAYAS,2020
SISQUIJOR,9,0,15/03/2020,REGION VII-CENTRAL VISAYAS,2020
SISQUIJOR,7,0,22/03/2020,REGION VII-CENTRAL VISAYAS,2020
SISQUIJOR,6,0,29/03/2020,REGION VII-CENTRAL VISAYAS,2020
SISQUIJOR,4,0,05/04/2020,REGION VII-CENTRAL VISAYAS,2020
SISQUIJOR,2,0,12/04/2020,REGION VII-CENTRAL VISAYAS,2020
SISQUIJOR,4,0,19/04/2020,REGION VII-CENTRAL VISAYAS,2020
SISQUIJOR,3,0,26/04/2020,REGION VII-CENTRAL VISAYAS,2020
SISQUIJOR,4,0,03/05/2020,REGION VII-CENTRAL VISAYAS,2020
SISQUIJOR,1,0,10/05/2020,REGION VII-CENTRAL VISAYAS,2020
SISQUIJOR,0,0,17/05/2020,REGION VII-CENTRAL VISAYAS,2020
SISQUIJOR,0,0,24/05/2020,REGION VII-CENTRAL VISAYAS,2020
SISQUIJOR,1,0,31/05/2020,REGION VII-CENTRAL VISAYAS,2020
SISQUIJOR,1,0,07/06/2020,REGION VII-CENTRAL VISAYAS,2020
SISQUIJOR,2,0,14/06/2020,REGION VII-CENTRAL VISAYAS,2020
SISQUIJOR,4,0,21/06/2020,REGION VII-CENTRAL VISAYAS,2020
SISQUIJOR,2,0,28/06/2020,REGION VII-CENTRAL VISAYAS,2020
SISQUIJOR,3,0,05/07/2020,REGION VII-CENTRAL VISAYAS,2020
SISQUIJOR,5,0,12/07/2020,REGION VII-CENTRAL VISAYAS,2020
SISQUIJOR,4,0,19/07/2020,REGION VII-CENTRAL VISAYAS,2020
SISQUIJOR,10,1,26/07/2020,REGION VII-CENTRAL VISAYAS,2020
SISQUIJOR,5,0,02/08/2020,REGION VII-CENTRAL VISAYAS,2020
SISQUIJOR,16,0,09/08/2020,REGION VII-CENTRAL VISAYAS,2020
SISQUIJOR,16,0,16/08/2020,REGION VII-CENTRAL VISAYAS,2020
SISQUIJOR,9,0,23/08/2020,REGION VII-CENTRAL VISAYAS,2020
SISQUIJOR,10,0,30/08/2020,REGION VII-CENTRAL VISAYAS,2020
SISQUIJOR,11,0,06/09/2020,REGION VII-CENTRAL VISAYAS,2020
SISQUIJOR,13,0,13/09/2020,REGION VII-CENTRAL VISAYAS,2020
SISQUIJOR,9,0,20/09/2020,REGION VII-CENTRAL VISAYAS,2020
SISQUIJOR,3,0,27/09/2020,REGION VII-CENTRAL VISAYAS,2020
SISQUIJOR,12,0,04/10/2020,REGION VII-CENTRAL VISAYAS,2020
SISQUIJOR,8,0,11/10/2020,REGION VII-CENTRAL VISAYAS,2020
SISQUIJOR,8,0,18/10/2020,REGION VII-CENTRAL VISAYAS,2020
SISQUIJOR,0,0,25/10/2020,REGION VII-CENTRAL VISAYAS,2020
SISQUIJOR,6,0,01/11/2020,REGION VII-CENTRAL VISAYAS,2020
SISQUIJOR,6,0,08/11/2020,REGION VII-CENTRAL VISAYAS,2020
SISQUIJOR,14,0,15/11/2020,REGION VII-CENTRAL VISAYAS,2020
SISQUIJOR,9,0,22/11/2020,REGION VII-CENTRAL VISAYAS,2020
SISQUIJOR,3,0,29/11/2020,REGION VII-CENTRAL VISAYAS,2020
SISQUIJOR,6,0,06/12/2020,REGION VII-CENTRAL VISAYAS,2020
SISQUIJOR,4,0,13/12/2020,REGION VII-CENTRAL VISAYAS,2020
SISQUIJOR,3,0,20/12/2020,REGION VII-CENTRAL VISAYAS,2020
SISQUIJOR,4,0,27/12/2020,REGION VII-CENTRAL VISAYAS,2020
BILIRAN,9,0,12/01/2020,REGION VII-EASTERN VISAYAS,2020
BILIRAN,38,0,19/01/2020,REGION VII-EASTERN VISAYAS,2020
BILIRAN,29,0,26/01/2020,REGION VII-EASTERN VISAYAS,2020
BILIRAN,37,0,02/02/2020,REGION VII-EASTERN VISAYAS,2020
BILIRAN,35,0,09/02/2020,REGION VII-EASTERN VISAYAS,2020
BILIRAN,37,0,16/02/2020,REGION VII-EASTERN VISAYAS,2020
BILIRAN,27,0,23/02/2020,REGION VII-EASTERN VISAYAS,2020
BILIRAN,46,0,01/03/2020,REGION VII-EASTERN VISAYAS,2020
BILIRAN,11,0,08/03/2020,REGION VII-EASTERN VISAYAS,2020
BILIRAN,27,0,15/03/2020,REGION VII-EASTERN VISAYAS,2020
BILIRAN,34,0,22/03/2020,REGION VII-EASTERN VISAYAS,2020
BILIRAN,20,0,29/03/2020,REGION VII-EASTERN VISAYAS,2020
BILIRAN,3,0,05/04/2020,REGION VII-EASTERN VISAYAS,2020
BILIRAN,6,0,12/04/2020,REGION VII-EASTERN VISAYAS,2020
BILIRAN,1,0,19/04/2020,REGION VII-EASTERN VISAYAS,2020
BILIRAN,7,0,26/04/2020,REGION VII-EASTERN VISAYAS,2020
BILIRAN,5,0,03/05/2020,REGION VII-EASTERN VISAYAS,2020
BILIRAN,5,0,10/05/2020,REGION VII-EASTERN VISAYAS,2020
BILIRAN,3,0,17/05/2020,REGION VII-EASTERN VISAYAS,2020
BILIRAN,4,0,24/05/2020,REGION VII-EASTERN VISAYAS,2020
BILIRAN,3,0,31/05/2020,REGION VII-EASTERN VISAYAS,2020
BILIRAN,2,0,07/06/2020,REGION VII-EASTERN VISAYAS,2020
BILIRAN,3,0,14/06/2020,REGION VII-EASTERN VISAYAS,2020
BILIRAN,1,0,21/06/2020,REGION VII-EASTERN VISAYAS,2020
BILIRAN,5,0,28/06/2020,REGION VII-EASTERN VISAYAS,2020
BILIRAN,1,0,05/07/2020,REGION VII-EASTERN VISAYAS,2020
BILIRAN,0,0,12/07/2020,REGION VII-EASTERN VISAYAS,2020
BILIRAN,3,0,19/07/2020,REGION VII-EASTERN VISAYAS,2020
BILIRAN,1,0,26/07/2020,REGION VII-EASTERN VISAYAS,2020
BILIRAN,1,0,02/08/2020,REGION VII-EASTERN VISAYAS,2020
BILIRAN,0,0,09/08/2020,REGION VII-EASTERN VISAYAS,2020
BILIRAN,2,0,16/08/2020,REGION VII-EASTERN VISAYAS,2020
BILIRAN,0,0,23/08/2020,REGION VII-EASTERN VISAYAS,2020
BILIRAN,2,0,30/08/2020,REGION VII-EASTERN VISAYAS,2020
BILIRAN,0,0,06/09/2020,REGION VII-EASTERN VISAYAS,2020
BILIRAN,0,0,13/09/2020,REGION VII-EASTERN VISAYAS,2020
BILIRAN,0,0,20/09/2020,REGION VII-EASTERN VISAYAS,2020
BILIRAN,0,0,27/09/2020,REGION VII-EASTERN VISAYAS,2020
BILIRAN,1,0,04/10/2020,REGION VII-EASTERN VISAYAS,2020
BILIRAN,3,0,11/10/2020,REGION VII-EASTERN VISAYAS,2020
BILIRAN,2,0,18/10/2020,REGION VII-EASTERN VISAYAS,2020
BILIRAN,1,0,25/10/2020,REGION VII-EASTERN VISAYAS,2020
BILIRAN,0,0,01/11/2020,REGION VII-EASTERN VISAYAS,2020
BILIRAN,2,0,08/11/2020,REGION VII-EASTERN VISAYAS,2020
BILIRAN,2,0,15/11/2020,REGION VII-EASTERN VISAYAS,2020
BILIRAN,2,0,22/11/2020,REGION VII-EASTERN VISAYAS,2020
BILIRAN,2,0,29/11/2020,REGION VII-EASTERN VISAYAS,2020
BILIRAN,0,0,06/12/2020,REGION VII-EASTERN VISAYAS,2020
BILIRAN,1,0,13/12/2020,REGION VII-EASTERN VISAYAS,2020
BILIRAN,0,0,20/12/2020,REGION VII-EASTERN VISAYAS,2020
BILIRAN,0,0,27/12/2020,REGION VII-EASTERN VISAYAS,2020
EASTERN SAMAR,5,0,12/01/2020,REGION VII-EASTERN VISAYAS,2020
EASTERN SAMAR,19,0,19/01/2020,REGION VII-EASTERN VISAYAS,2020
EASTERN SAMAR,21,0,26/01/2020,REGION VII-EASTERN VISAYAS,2020
EASTERN SAMAR,13,0,02/02/2020,REGION VII-EASTERN VISAYAS,2020
EASTERN SAMAR,21,0,09/02/2020,REGION VII-EASTERN VISAYAS,2020
EASTERN SAMAR,18,0,16/02/2020,REGION VII-EASTERN VISAYAS,2020
EASTERN SAMAR,10,0,23/02/2020,REGION VII-EASTERN VISAYAS,2020
EASTERN SAMAR,15,1,01/03/2020,REGION VII-EASTERN VISAYAS,2020
EASTERN SAMAR,20,0,08/03/2020,REGION VII-EASTERN VISAYAS,2020
EASTERN SAMAR,17,0,15/03/2020,REGION VII-EASTERN VISAYAS,2020
EASTERN SAMAR,22,0,22/03/2020,REGION VII-EASTERN VISAYAS,2020
EASTERN SAMAR,9,1,29/03/2020,REGION VII-EASTERN VISAYAS,2020
EASTERN SAMAR,11,0,05/04/2020,REGION VII-EASTERN VISAYAS,2020
EASTERN SAMAR,14,0,12/04/2020,REGION VII-EASTERN VISAYAS,2020
EASTERN SAMAR,7,1,19/04/2020,REGION VII-EASTERN VISAYAS,2020
EASTERN SAMAR,12,0,26/04/2020,REGION VII-EASTERN VISAYAS,2020
EASTERN SAMAR,10,0,03/05/2020,REGION VII-EASTERN VISAYAS,2020
EASTERN SAMAR,4,0,10/05/2020,REGION VII-EASTERN VISAYAS,2020
EASTERN SAMAR,4,0,17/05/2020,REGION VII-EASTERN VISAYAS,2020
EASTERN SAMAR,7,0,24/05/2020,REGION VII-EASTERN VISAYAS,2020
EASTERN SAMAR,3,0,31/05/2020,REGION VII-EASTERN VISAYAS,2020
EASTERN SAMAR,9,0,07/06/2020,REGION VII-EASTERN VISAYAS,2020
EASTERN SAMAR,5,0,14/06/2020,REGION VII-EASTERN VISAYAS,2020
EASTERN SAMAR,4,0,21/06/2020,REGION VII-EASTERN VISAYAS,2020
EASTERN SAMAR,8,0,28/06/2020,REGION VII-EASTERN VISAYAS,2020
EASTERN SAMAR,6,0,05/07/2020,REGION VII-EASTERN VISAYAS,2020
EASTERN SAMAR,3,0,12/07/2020,REGION VII-EASTERN VISAYAS,2020
EASTERN SAMAR,7,0,19/07/2020,REGION VII-EASTERN VISAYAS,2020
EASTERN SAMAR,8,0,26/07/2020,REGION VII-EASTERN VISAYAS,2020
EASTERN SAMAR,2,0,02/08/2020,REGION VII-EASTERN VISAYAS,2020
EASTERN SAMAR,10,0,09/08/2020,REGION VII-EASTERN VISAYAS,2020
EASTERN SAMAR,3,0,16/08/2020,REGION VII-EASTERN VISAYAS,2020
EASTERN SAMAR,5,0,23/08/2020,REGION VII-EASTERN VISAYAS,2020
EASTERN SAMAR,8,0,30/08/2020,REGION VII-EASTERN VISAYAS,2020
EASTERN SAMAR,7,0,06/09/2020,REGION VII-EASTERN VISAYAS,2020
EASTERN SAMAR,1,0,13/09/2020,REGION VII-EASTERN VISAYAS,2020
EASTERN SAMAR,2,0,20/09/2020,REGION VII-EASTERN VISAYAS,2020
EASTERN SAMAR,5,0,27/09/2020,REGION VII-EASTERN VISAYAS,2020
EASTERN SAMAR,2,0,04/10/2020,REGION VII-EASTERN VISAYAS,2020
EASTERN SAMAR,4,0,11/10/2020,REGION VII-EASTERN VISAYAS,2020
EASTERN SAMAR,4,0,18/10/2020,REGION VII-EASTERN VISAYAS,2020
EASTERN SAMAR,16,0,25/10/2020,REGION VII-EASTERN VISAYAS,2020
EASTERN SAMAR,4,0,01/11/2020,REGION VII-EASTERN VISAYAS,2020
EASTERN SAMAR,10,1,08/11/2020,REGION VII-EASTERN VISAYAS,2020
EASTERN SAMAR,16,0,15/11/2020,REGION VII-EASTERN VISAYAS,2020
EASTERN SAMAR,6,0,22/11/2020,REGION VII-EASTERN VISAYAS,2020
EASTERN SAMAR,1,0,29/11/2020,REGION VII-EASTERN VISAYAS,2020
EASTERN SAMAR,0,0,06/12/2020,REGION VII-EASTERN VISAYAS,2020
EASTERN SAMAR,0,0,13/12/2020,REGION VII-EASTERN VISAYAS,2020
EASTERN SAMAR,0,0,20/12/2020,REGION VII-EASTERN VISAYAS,2020
EASTERN SAMAR,0,0,27/12/2020,REGION VII-EASTERN VISAYAS,2020
LEYTE,53,0,12/01/2020,REGION VII-EASTERN VISAYAS,2020
LEYTE,141,0,19/01/2020,REGION VII-EASTERN VISAYAS,2020
LEYTE,139,1,26/01/2020,REGION VII-EASTERN VISAYAS,2020
LEYTE,142,1,02/02/2020,REGION VII-EASTERN VISAYAS,2020
LEYTE,187,0,09/02/2020,REGION VII-EASTERN VISAYAS,2020
LEYTE,189,1,16/02/2020,REGION VII-EASTERN VISAYAS,2020
LEYTE,151,0,23/02/2020,REGION VII-EASTERN VISAYAS,2020
LEYTE,122,0,01/03/2020,REGION VII-EASTERN VISAYAS,2020
LEYTE,106,0,08/03/2020,REGION VII-EASTERN VISAYAS,2020
LEYTE,106,0,15/03/2020,REGION VII-EASTERN VISAYAS,2020
LEYTE,102,0,22/03/2020,REGION VII-EASTERN VISAYAS,2020
LEYTE,48,0,29/03/2020,REGION VII-EASTERN VISAYAS,2020
LEYTE,37,0,05/04/2020,REGION VII-EASTERN VISAYAS,2020
LEYTE,42,0,12/04/2020,REGION VII-EASTERN VISAYAS,2020
LEYTE,12,0,19/04/2020,REGION VII-EASTERN VISAYAS,2020
LEYTE,18,0,26/04/2020,REGION VII-EASTERN VISAYAS,2020
LEYTE,18,0,03/05/2020,REGION VII-EASTERN VISAYAS,2020
LEYTE,17,0,10/05/2020,REGION VII-EASTERN VISAYAS,2020
LEYTE,23,0,17/05/2020,REGION VII-EASTERN VISAYAS,2020
LEYTE,5,0,24/05/2020,REGION VII-EASTERN VISAYAS,2020
LEYTE,10,0,31/05/2020,REGION VII-EASTERN VISAYAS,2020
LEYTE,19,0,07/06/2020,REGION VII-EASTERN VISAYAS,2020
LEYTE,20,0,14/06/2020,REGION VII-EASTERN VISAYAS,2020
LEYTE,13,0,21/06/2020,REGION VII-EASTERN VISAYAS,2020
LEYTE,1,0,28/06/2020,REGION VII-EASTERN VISAYAS,2020
LEYTE,13,0,05/07/2020,REGION VII-EASTERN VISAYAS,2020
LEYTE,8,0,12/07/2020,REGION VII-EASTERN VISAYAS,2020
LEYTE,9,0,19/07/2020,REGION VII-EASTERN VISAYAS,2020
LEYTE,15,0,26/07/2020,REGION VII-EASTERN VISAYAS,2020
LEYTE,9,0,02/08/2020,REGION VII-EASTERN VISAYAS,2020
LEYTE,11,0,09/08/2020,REGION VII-EASTERN VISAYAS,2020
LEYTE,10,0,16/08/2020,REGION VII-EASTERN VISAYAS,2020
LEYTE,11,0,23/08/2020,REGION VII-EASTERN VISAYAS,2020
LEYTE,10,0,30/08/2020,REGION VII-EASTERN VISAYAS,2020
LEYTE,9,0,06/09/2020,REGION VII-EASTERN VISAYAS,2020
LEYTE,12,0,13/09/2020,REGION VII-EASTERN VISAYAS,2020
LEYTE,11,0,20/09/2020,REGION VII-EASTERN VISAYAS,2020
LEYTE,9,0,27/09/2020,REGION VII-EASTERN VISAYAS,2020
LEYTE,5,0,04/10/2020,REGION VII-EASTERN VISAYAS,2020
LEYTE,5,0,11/10/2020,REGION VII-EASTERN VISAYAS,2020
LEYTE,8,0,18/10/2020,REGION VII-EASTERN VISAYAS,2020
LEYTE,6,0,25/10/2020,REGION VII-EASTERN VISAYAS,2020
LEYTE,4,0,01/11/2020,REGION VII-EASTERN VISAYAS,2020
LEYTE,1,0,08/11/2020,REGION VII-EASTERN VISAYAS,2020
LEYTE,5,0,15/11/2020,REGION VII-EASTERN VISAYAS,2020
LEYTE,7,0,22/11/2020,REGION VII-EASTERN VISAYAS,2020
LEYTE,1,0,29/11/2020,REGION VII-EASTERN VISAYAS,2020
LEYTE,0,0,06/12/2020,REGION VII-EASTERN VISAYAS,2020
LEYTE,5,0,13/12/2020,REGION VII-EASTERN VISAYAS,2020
LEYTE,6,0,20/12/2020,REGION VII-EASTERN VISAYAS,2020
LEYTE,2,0,27/12/2020,REGION VII-EASTERN VISAYAS,2020
NORTHERN SAMAR,20,0,12/01/2020,REGION VII-EASTERN VISAYAS,2020
NORTHERN SAMAR,22,0,19/01/2020,REGION VII-EASTERN VISAYAS,2020
NORTHERN SAMAR,16,0,26/01/2020,REGION VII-EASTERN VISAYAS,2020
NORTHERN SAMAR,47,0,02/02/2020,REGION VII-EASTERN VISAYAS,2020
NORTHERN SAMAR,24,0,09/02/2020,REGION VII-EASTERN VISAYAS,2020
NORTHERN SAMAR,29,0,16/02/2020,REGION VII-EASTERN VISAYAS,2020
NORTHERN SAMAR,22,0,23/02/2020,REGION VII-EASTERN VISAYAS,2020
NORTHERN SAMAR,10,0,01/03/2020,REGION VII-EASTERN VISAYAS,2020
NORTHERN SAMAR,7,0,08/03/2020,REGION VII-EASTERN VISAYAS,2020
NORTHERN SAMAR,16,0,15/03/2020,REGION VII-EASTERN VISAYAS,2020
NORTHERN SAMAR,12,0,22/03/2020,REGION VII-EASTERN VISAYAS,2020
NORTHERN SAMAR,3,0,29/03/2020,REGION VII-EASTERN VISAYAS,2020
NORTHERN SAMAR,4,0,05/04/2020,REGION VII-EASTERN VISAYAS,2020
NORTHERN SAMAR,3,0,12/04/2020,REGION VII-EASTERN VISAYAS,2020
NORTHERN SAMAR,0,0,19/04/2020,REGION VII-EASTERN VISAYAS,2020
NORTHERN SAMAR,3,0,26/04/2020,REGION VII-EASTERN VISAYAS,2020
NORTHERN SAMAR,6,0,03/05/2020,REGION VII-EASTERN VISAYAS,2020
NORTHERN SAMAR,1,0,10/05/2020,REGION VII-EASTERN VISAYAS,2020
NORTHERN SAMAR,1,0,17/05/2020,REGION VII-EASTERN VISAYAS,2020
NORTHERN SAMAR,7,0,24/05/2020,REGION VII-EASTERN VISAYAS,2020
NORTHERN SAMAR,3,0,31/05/2020,REGION VII-EASTERN VISAYAS,2020
NORTHERN SAMAR,2,0,07/06/2020,REGION VII-EASTERN VISAYAS,2020
NORTHERN SAMAR,3,0,14/06/2020,REGION VII-EASTERN VISAYAS,2020
NORTHERN SAMAR,2,0,21/06/2020,REGION VII-EASTERN VISAYAS,2020
NORTHERN SAMAR,4,0,28/06/2020,REGION VII-EASTERN VISAYAS,2020
NORTHERN SAMAR,1,0,05/07/2020,REGION VII-EASTERN VISAYAS,2020
NORTHERN SAMAR,2,0,12/07/2020,REGION VII-EASTERN VISAYAS,2020
NORTHERN SAMAR,3,0,19/07/2020,REGION VII-EASTERN VISAYAS,2020
NORTHERN SAMAR,1,0,26/07/2020,REGION VII-EASTERN VISAYAS,2020
NORTHERN SAMAR,5,0,02/08/2020,REGION VII-EASTERN VISAYAS,2020
NORTHERN SAMAR,0,0,09/08/2020,REGION VII-EASTERN VISAYAS,2020
NORTHERN SAMAR,2,0,16/08/2020,REGION VII-EASTERN VISAYAS,2020
NORTHERN SAMAR,3,0,23/08/2020,REGION VII-EASTERN VISAYAS,2020
NORTHERN SAMAR,4,0,30/08/2020,REGION VII-EASTERN VISAYAS,2020
NORTHERN SAMAR,3,0,06/09/2020,REGION VII-EASTERN VISAYAS,2020
NORTHERN SAMAR,3,1,13/09/2020,REGION VII-EASTERN VISAYAS,2020
NORTHERN SAMAR,2,0,20/09/2020,REGION VII-EASTERN VISAYAS,2020
NORTHERN SAMAR,2,0,27/09/2020,REGION VII-EASTERN VISAYAS,2020
NORTHERN SAMAR,0,0,04/10/2020,REGION VII-EASTERN VISAYAS,2020
NORTHERN SAMAR,0,0,11/10/2020,REGION VII-EASTERN VISAYAS,2020
NORTHERN SAMAR,0,0,18/10/2020,REGION VII-EASTERN VISAYAS,2020
NORTHERN SAMAR,1,0,25/10/2020,REGION VII-EASTERN VISAYAS,2020
NORTHERN SAMAR,0,0,01/11/2020,REGION VII-EASTERN VISAYAS,2020
NORTHERN SAMAR,0,0,08/11/2020,REGION VII-EASTERN VISAYAS,2020
NORTHERN SAMAR,0,0,15/11/2020,REGION VII-EASTERN VISAYAS,2020
NORTHERN SAMAR,0,0,22/11/2020,REGION VII-EASTERN VISAYAS,2020
NORTHERN SAMAR,0,0,29/11/2020,REGION VII-EASTERN VISAYAS,2020
NORTHERN SAMAR,0,0,06/12/2020,REGION VII-EASTERN VISAYAS,2020
NORTHERN SAMAR,0,0,13/12/2020,REGION VII-EASTERN VISAYAS,2020
NORTHERN SAMAR,0,0,20/12/2020,REGION VII-EASTERN VISAYAS,2020
NORTHERN SAMAR,0,0,27/12/2020,REGION VII-EASTERN VISAYAS,2020
ORMOC CITY,4,0,12/01/2020,REGION VII-EASTERN VISAYAS,2020
ORMOC CITY,13,0,19/01/2020,REGION VII-EASTERN VISAYAS,2020
ORMOC CITY,16,0,26/01/2020,REGION VII-EASTERN VISAYAS,2020
ORMOC CITY,12,0,02/02/2020,REGION VII-EASTERN VISAYAS,2020
ORMOC CITY,14,1,09/02/2020,REGION VII-EASTERN VISAYAS,2020
ORMOC CITY,15,0,16/02/2020,REGION VII-EASTERN VISAYAS,2020
ORMOC CITY,7,0,23/02/2020,REGION VII-EASTERN VISAYAS,2020
ORMOC CITY,11,0,01/03/2020,REGION VII-EASTERN VISAYAS,2020
ORMOC CITY,17,0,08/03/2020,REGION VII-EASTERN VISAYAS,2020
ORMOC CITY,12,0,15/03/2020,REGION VII-EASTERN VISAYAS,2020
ORMOC CITY,5,0,22/03/2020,REGION VII-EASTERN VISAYAS,2020
ORMOC CITY,7,0,29/03/2020,REGION VII-EASTERN VISAYAS,2020
ORMOC CITY,7,0,05/04/2020,REGION VII-EASTERN VISAYAS,2020
ORMOC CITY,4,0,12/04/2020,REGION VII-EASTERN VISAYAS,2020
ORMOC CITY,7,0,19/04/2020,REGION VII-EASTERN VISAYAS,2020
ORMOC CITY,0,0,26/04/2020,REGION VII-EASTERN VISAYAS,2020
ORMOC CITY,5,0,03/05/2020,REGION VII-EASTERN VISAYAS,2020
ORMOC CITY,0,0,10/05/2020,REGION VII-EASTERN VISAYAS,2020
ORMOC CITY,1,0,17/05/2020,REGION VII-EASTERN VISAYAS,2020
ORMOC CITY,0,0,24/05/2020,REGION VII-EASTERN VISAYAS,2020
ORMOC CITY,0,0,31/05/2020,REGION VII-EASTERN VISAYAS,2020
ORMOC CITY,0,0,07/06/2020,REGION VII-EASTERN VISAYAS,2020
ORMOC CITY,0,0,14/06/2020,REGION VII-EASTERN VISAYAS,2020
ORMOC CITY,3,0,21/06/2020,REGION VII-EASTERN VISAYAS,2020
ORMOC CITY,0,0,28/06/2020,REGION VII-EASTERN VISAYAS,2020
ORMOC CITY,0,0,05/07/2020,REGION VII-EASTERN VISAYAS,2020
ORMOC CITY,2,0,12/07/2020,REGION VII-EASTERN VISAYAS,2020
ORMOC CITY,0,0,19/07/2020,REGION VII-EASTERN VISAYAS,2020
ORMOC CITY,1,0,26/07/2020,REGION VII-EASTERN VISAYAS,2020
ORMOC CITY,1,0,02/08/2020,REGION VII-EASTERN VISAYAS,2020
ORMOC CITY,1,0,09/08/2020,REGION VII-EASTERN VISAYAS,2020
ORMOC CITY,2,0,16/08/2020,REGION VII-EASTERN VISAYAS,2020
ORMOC CITY,1,0,23/08/2020,REGION VII-EASTERN VISAYAS,2020
ORMOC CITY,1,0,30/08/2020,REGION VII-EASTERN VISAYAS,2020
ORMOC CITY,1,0,06/09/2020,REGION VII-EASTERN VISAYAS,2020
ORMOC CITY,2,0,13/09/2020,REGION VII-EASTERN VISAYAS,2020
ORMOC CITY,3,0,20/09/2020,REGION VII-EASTERN VISAYAS,2020
ORMOC CITY,4,0,27/09/2020,REGION VII-EASTERN VISAYAS,2020
ORMOC CITY,2,0,04/10/2020,REGION VII-EASTERN VISAYAS,2020
ORMOC CITY,1,0,11/10/2020,REGION VII-EASTERN VISAYAS,2020
ORMOC CITY,0,0,18/10/2020,REGION VII-EASTERN VISAYAS,2020
ORMOC CITY,0,0,25/10/2020,REGION VII-EASTERN VISAYAS,2020
ORMOC CITY,3,0,01/11/2020,REGION VII-EASTERN VISAYAS,2020
ORMOC CITY,2,0,08/11/2020,REGION VII-EASTERN VISAYAS,2020
ORMOC CITY,0,0,15/11/2020,REGION VII-EASTERN VISAYAS,2020
ORMOC CITY,0,0,22/11/2020,REGION VII-EASTERN VISAYAS,2020
ORMOC CITY,1,0,29/11/2020,REGION VII-EASTERN VISAYAS,2020
ORMOC CITY,0,0,06/12/2020,REGION VII-EASTERN VISAYAS,2020
ORMOC CITY,1,0,13/12/2020,REGION VII-EASTERN VISAYAS,2020
ORMOC CITY,0,0,20/12/2020,REGION VII-EASTERN VISAYAS,2020
ORMOC CITY,1,0,27/12/2020,REGION VII-EASTERN VISAYAS,2020
SAMAR,35,0,12/01/2020,REGION VII-EASTERN VISAYAS,2020
SAMAR,75,0,19/01/2020,REGION VII-EASTERN VISAYAS,2020
SAMAR,28,0,26/01/2020,REGION VII-EASTERN VISAYAS,2020
SAMAR,62,0,02/02/2020,REGION VII-EASTERN VISAYAS,2020
SAMAR,51,0,09/02/2020,REGION VII-EASTERN VISAYAS,2020
SAMAR,55,0,16/02/2020,REGION VII-EASTERN VISAYAS,2020
SAMAR,55,0,23/02/2020,REGION VII-EASTERN VISAYAS,2020
SAMAR,47,0,01/03/2020,REGION VII-EASTERN VISAYAS,2020
SAMAR,38,0,08/03/2020,REGION VII-EASTERN VISAYAS,2020
SAMAR,17,0,15/03/2020,REGION VII-EASTERN VISAYAS,2020
SAMAR,17,0,22/03/2020,REGION VII-EASTERN VISAYAS,2020
SAMAR,11,0,29/03/2020,REGION VII-EASTERN VISAYAS,2020
SAMAR,2,0,05/04/2020,REGION VII-EASTERN VISAYAS,2020
SAMAR,8,0,12/04/2020,REGION VII-EASTERN VISAYAS,2020
SAMAR,4,0,19/04/2020,REGION VII-EASTERN VISAYAS,2020
SAMAR,3,0,26/04/2020,REGION VII-EASTERN VISAYAS,2020
SAMAR,4,0,03/05/2020,REGION VII-EASTERN VISAYAS,2020
SAMAR,0,0,10/05/2020,REGION VII-EASTERN VISAYAS,2020
SAMAR,0,0,17/05/2020,REGION VII-EASTERN VISAYAS,2020
SAMAR,4,0,24/05/2020,REGION VII-EASTERN VISAYAS,2020
SAMAR,0,0,31/05/2020,REGION VII-EASTERN VISAYAS,2020
SAMAR,1,1,07/06/2020,REGION VII-EASTERN VISAYAS,2020
SAMAR,2,0,14/06/2020,REGION VII-EASTERN VISAYAS,2020
SAMAR,0,0,21/06/2020,REGION VII-EASTERN VISAYAS,2020
SAMAR,0,0,28/06/2020,REGION VII-EASTERN VISAYAS,2020
SAMAR,3,0,05/07/2020,REGION VII-EASTERN VISAYAS,2020
SAMAR,1,0,12/07/2020,REGION VII-EASTERN VISAYAS,2020
SAMAR,3,0,19/07/2020,REGION VII-EASTERN VISAYAS,2020
SAMAR,2,0,26/07/2020,REGION VII-EASTERN VISAYAS,2020
SAMAR,5,0,02/08/2020,REGION VII-EASTERN VISAYAS,2020
SAMAR,3,0,09/08/2020,REGION VII-EASTERN VISAYAS,2020
SAMAR,1,0,16/08/2020,REGION VII-EASTERN VISAYAS,2020
SAMAR,0,0,23/08/2020,REGION VII-EASTERN VISAYAS,2020
SAMAR,1,0,30/08/2020,REGION VII-EASTERN VISAYAS,2020
SAMAR,0,0,06/09/2020,REGION VII-EASTERN VISAYAS,2020
SAMAR,0,0,13/09/2020,REGION VII-EASTERN VISAYAS,2020
SAMAR,0,0,20/09/2020,REGION VII-EASTERN VISAYAS,2020
SAMAR,0,0,27/09/2020,REGION VII-EASTERN VISAYAS,2020
SAMAR,1,0,04/10/2020,REGION VII-EASTERN VISAYAS,2020
SAMAR,0,0,11/10/2020,REGION VII-EASTERN VISAYAS,2020
SAMAR,3,0,18/10/2020,REGION VII-EASTERN VISAYAS,2020
SAMAR,8,0,25/10/2020,REGION VII-EASTERN VISAYAS,2020
SAMAR,5,0,01/11/2020,REGION VII-EASTERN VISAYAS,2020
SAMAR,0,0,08/11/2020,REGION VII-EASTERN VISAYAS,2020
SAMAR,0,0,15/11/2020,REGION VII-EASTERN VISAYAS,2020
SAMAR,0,0,22/11/2020,REGION VII-EASTERN VISAYAS,2020
SAMAR,2,0,29/11/2020,REGION VII-EASTERN VISAYAS,2020
SAMAR,1,0,06/12/2020,REGION VII-EASTERN VISAYAS,2020
SAMAR,0,0,13/12/2020,REGION VII-EASTERN VISAYAS,2020
SAMAR,0,0,20/12/2020,REGION VII-EASTERN VISAYAS,2020
SAMAR,0,0,27/12/2020,REGION VII-EASTERN VISAYAS,2020
SOUTHERN LEYTE,13,0,12/01/2020,REGION VII-EASTERN VISAYAS,2020
SOUTHERN LEYTE,64,0,19/01/2020,REGION VII-EASTERN VISAYAS,2020
SOUTHERN LEYTE,52,0,26/01/2020,REGION VII-EASTERN VISAYAS,2020
SOUTHERN LEYTE,55,0,02/02/2020,REGION VII-EASTERN VISAYAS,2020
SOUTHERN LEYTE,34,0,09/02/2020,REGION VII-EASTERN VISAYAS,2020
SOUTHERN LEYTE,32,0,16/02/2020,REGION VII-EASTERN VISAYAS,2020
SOUTHERN LEYTE,15,0,23/02/2020,REGION VII-EASTERN VISAYAS,2020
SOUTHERN LEYTE,32,0,01/03/2020,REGION VII-EASTERN VISAYAS,2020
SOUTHERN LEYTE,48,0,08/03/2020,REGION VII-EASTERN VISAYAS,2020
SOUTHERN LEYTE,38,0,15/03/2020,REGION VII-EASTERN VISAYAS,2020
SOUTHERN LEYTE,36,0,22/03/2020,REGION VII-EASTERN VISAYAS,2020
SOUTHERN LEYTE,36,0,29/03/2020,REGION VII-EASTERN VISAYAS,2020
SOUTHERN LEYTE,15,0,05/04/2020,REGION VII-EASTERN VISAYAS,2020
SOUTHERN LEYTE,15,0,12/04/2020,REGION VII-EASTERN VISAYAS,2020
SOUTHERN LEYTE,14,0,19/04/2020,REGION VII-EASTERN VISAYAS,2020
SOUTHERN LEYTE,8,0,26/04/2020,REGION VII-EASTERN VISAYAS,2020
SOUTHERN LEYTE,0,0,03/05/2020,REGION VII-EASTERN VISAYAS,2020
SOUTHERN LEYTE,9,0,10/05/2020,REGION VII-EASTERN VISAYAS,2020
SOUTHERN LEYTE,9,0,17/05/2020,REGION VII-EASTERN VISAYAS,2020
SOUTHERN LEYTE,3,0,24/05/2020,REGION VII-EASTERN VISAYAS,2020
SOUTHERN LEYTE,2,0,31/05/2020,REGION VII-EASTERN VISAYAS,2020
SOUTHERN LEYTE,2,0,07/06/2020,REGION VII-EASTERN VISAYAS,2020
SOUTHERN LEYTE,6,0,14/06/2020,REGION VII-EASTERN VISAYAS,2020
SOUTHERN LEYTE,7,0,21/06/2020,REGION VII-EASTERN VISAYAS,2020
SOUTHERN LEYTE,2,0,28/06/2020,REGION VII-EASTERN VISAYAS,2020
SOUTHERN LEYTE,3,0,05/07/2020,REGION VII-EASTERN VISAYAS,2020
SOUTHERN LEYTE,5,0,12/07/2020,REGION VII-EASTERN VISAYAS,2020
SOUTHERN LEYTE,12,0,19/07/2020,REGION VII-EASTERN VISAYAS,2020
SOUTHERN LEYTE,5,0,26/07/2020,REGION VII-EASTERN VISAYAS,2020
SOUTHERN LEYTE,0,0,02/08/2020,REGION VII-EASTERN VISAYAS,2020
SOUTHERN LEYTE,3,0,09/08/2020,REGION VII-EASTERN VISAYAS,2020
SOUTHERN LEYTE,1,0,16/08/2020,REGION VII-EASTERN VISAYAS,2020
SOUTHERN LEYTE,2,0,23/08/2020,REGION VII-EASTERN VISAYAS,2020
SOUTHERN LEYTE,4,0,30/08/2020,REGION VII-EASTERN VISAYAS,2020
SOUTHERN LEYTE,8,0,06/09/2020,REGION VII-EASTERN VISAYAS,2020
SOUTHERN LEYTE,17,0,13/09/2020,REGION VII-EASTERN VISAYAS,2020
SOUTHERN LEYTE,6,0,20/09/2020,REGION VII-EASTERN VISAYAS,2020
SOUTHERN LEYTE,7,0,27/09/2020,REGION VII-EASTERN VISAYAS,2020
SOUTHERN LEYTE,7,0,04/10/2020,REGION VII-EASTERN VISAYAS,2020
SOUTHERN LEYTE,4,0,11/10/2020,REGION VII-EASTERN VISAYAS,2020
SOUTHERN LEYTE,0,0,18/10/2020,REGION VII-EASTERN VISAYAS,2020
SOUTHERN LEYTE,2,0,25/10/2020,REGION VII-EASTERN VISAYAS,2020
SOUTHERN LEYTE,2,0,01/11/2020,REGION VII-EASTERN VISAYAS,2020
SOUTHERN LEYTE,4,0,08/11/2020,REGION VII-EASTERN VISAYAS,2020
SOUTHERN LEYTE,12,0,15/11/2020,REGION VII-EASTERN VISAYAS,2020
SOUTHERN LEYTE,6,0,22/11/2020,REGION VII-EASTERN VISAYAS,2020
SOUTHERN LEYTE,5,0,29/11/2020,REGION VII-EASTERN VISAYAS,2020
SOUTHERN LEYTE,6,0,06/12/2020,REGION VII-EASTERN VISAYAS,2020
SOUTHERN LEYTE,4,0,13/12/2020,REGION VII-EASTERN VISAYAS,2020
SOUTHERN LEYTE,1,0,20/12/2020,REGION VII-EASTERN VISAYAS,2020
SOUTHERN LEYTE,2,0,27/12/2020,REGION VII-EASTERN VISAYAS,2020
TACLOBAN,5,0,12/01/2020,REGION VII-EASTERN VISAYAS,2020
TACLOBAN,32,1,19/01/2020,REGION VII-EASTERN VISAYAS,2020
TACLOBAN,22,0,26/01/2020,REGION VII-EASTERN VISAYAS,2020
TACLOBAN,18,0,02/02/2020,REGION VII-EASTERN VISAYAS,2020
TACLOBAN,22,0,09/02/2020,REGION VII-EASTERN VISAYAS,2020
TACLOBAN,28,0,16/02/2020,REGION VII-EASTERN VISAYAS,2020
TACLOBAN,36,0,23/02/2020,REGION VII-EASTERN VISAYAS,2020
TACLOBAN,15,0,01/03/2020,REGION VII-EASTERN VISAYAS,2020
TACLOBAN,27,0,08/03/2020,REGION VII-EASTERN VISAYAS,2020
TACLOBAN,19,0,15/03/2020,REGION VII-EASTERN VISAYAS,2020
TACLOBAN,18,0,22/03/2020,REGION VII-EASTERN VISAYAS,2020
TACLOBAN,6,0,29/03/2020,REGION VII-EASTERN VISAYAS,2020
TACLOBAN,5,0,05/04/2020,REGION VII-EASTERN VISAYAS,2020
TACLOBAN,2,0,12/04/2020,REGION VII-EASTERN VISAYAS,2020
TACLOBAN,4,0,19/04/2020,REGION VII-EASTERN VISAYAS,2020
TACLOBAN,1,0,26/04/2020,REGION VII-EASTERN VISAYAS,2020
TACLOBAN,3,0,03/05/2020,REGION VII-EASTERN VISAYAS,2020
TACLOBAN,2,0,10/05/2020,REGION VII-EASTERN VISAYAS,2020
TACLOBAN,6,0,17/05/2020,REGION VII-EASTERN VISAYAS,2020
TACLOBAN,3,0,24/05/2020,REGION VII-EASTERN VISAYAS,2020
TACLOBAN,2,0,31/05/2020,REGION VII-EASTERN VISAYAS,2020
TACLOBAN,2,0,07/06/2020,REGION VII-EASTERN VISAYAS,2020
TACLOBAN,3,0,14/06/2020,REGION VII-EASTERN VISAYAS,2020
TACLOBAN,0,0,21/06/2020,REGION VII-EASTERN VISAYAS,2020
TACLOBAN,0,0,28/06/2020,REGION VII-EASTERN VISAYAS,2020
TACLOBAN,1,0,05/07/2020,REGION VII-EASTERN VISAYAS,2020
TACLOBAN,2,0,12/07/2020,REGION VII-EASTERN VISAYAS,2020
TACLOBAN,0,0,19/07/2020,REGION VII-EASTERN VISAYAS,2020
TACLOBAN,0,0,26/07/2020,REGION VII-EASTERN VISAYAS,2020
TACLOBAN,3,0,02/08/2020,REGION VII-EASTERN VISAYAS,2020
TACLOBAN,3,0,09/08/2020,REGION VII-EASTERN VISAYAS,2020
TACLOBAN,2,0,16/08/2020,REGION VII-EASTERN VISAYAS,2020
TACLOBAN,4,0,23/08/2020,REGION VII-EASTERN VISAYAS,2020
TACLOBAN,2,0,30/08/2020,REGION VII-EASTERN VISAYAS,2020
TACLOBAN,3,0,06/09/2020,REGION VII-EASTERN VISAYAS,2020
TACLOBAN,2,0,13/09/2020,REGION VII-EASTERN VISAYAS,2020
TACLOBAN,1,0,20/09/2020,REGION VII-EASTERN VISAYAS,2020
TACLOBAN,0,0,27/09/2020,REGION VII-EASTERN VISAYAS,2020
TACLOBAN,1,0,04/10/2020,REGION VII-EASTERN VISAYAS,2020
TACLOBAN,2,0,11/10/2020,REGION VII-EASTERN VISAYAS,2020
TACLOBAN,1,0,18/10/2020,REGION VII-EASTERN VISAYAS,2020
TACLOBAN,5,0,25/10/2020,REGION VII-EASTERN VISAYAS,2020
TACLOBAN,0,0,01/11/2020,REGION VII-EASTERN VISAYAS,2020
TACLOBAN,1,0,08/11/2020,REGION VII-EASTERN VISAYAS,2020
TACLOBAN,0,0,15/11/2020,REGION VII-EASTERN VISAYAS,2020
TACLOBAN,3,0,22/11/2020,REGION VII-EASTERN VISAYAS,2020
TACLOBAN,1,0,29/11/2020,REGION VII-EASTERN VISAYAS,2020
TACLOBAN,4,0,06/12/2020,REGION VII-EASTERN VISAYAS,2020
TACLOBAN,2,0,13/12/2020,REGION VII-EASTERN VISAYAS,2020
TACLOBAN,4,0,20/12/2020,REGION VII-EASTERN VISAYAS,2020
TACLOBAN,1,0,27/12/2020,REGION VII-EASTERN VISAYAS,2020
ISABELA CITY,6,0,12/01/2020,REGION IX-ZAMBOANGA PENINSULA,2020
ISABELA CITY,12,0,19/01/2020,REGION IX-ZAMBOANGA PENINSULA,2020
ISABELA CITY,11,0,26/01/2020,REGION IX-ZAMBOANGA PENINSULA,2020
ISABELA CITY,13,0,02/02/2020,REGION IX-ZAMBOANGA PENINSULA,2020
ISABELA CITY,8,0,09/02/2020,REGION IX-ZAMBOANGA PENINSULA,2020
ISABELA CITY,1,0,16/02/2020,REGION IX-ZAMBOANGA PENINSULA,2020
ISABELA CITY,5,0,23/02/2020,REGION IX-ZAMBOANGA PENINSULA,2020
ISABELA CITY,5,0,01/03/2020,REGION IX-ZAMBOANGA PENINSULA,2020
ISABELA CITY,6,0,08/03/2020,REGION IX-ZAMBOANGA PENINSULA,2020
ISABELA CITY,4,0,15/03/2020,REGION IX-ZAMBOANGA PENINSULA,2020
ISABELA CITY,4,0,22/03/2020,REGION IX-ZAMBOANGA PENINSULA,2020
ISABELA CITY,1,0,29/03/2020,REGION IX-ZAMBOANGA PENINSULA,2020
ISABELA CITY,2,0,05/04/2020,REGION IX-ZAMBOANGA PENINSULA,2020
ISABELA CITY,3,0,12/04/2020,REGION IX-ZAMBOANGA PENINSULA,2020
ISABELA CITY,1,0,19/04/2020,REGION IX-ZAMBOANGA PENINSULA,2020
ISABELA CITY,1,0,26/04/2020,REGION IX-ZAMBOANGA PENINSULA,2020
ISABELA CITY,1,0,03/05/2020,REGION IX-ZAMBOANGA PENINSULA,2020
ISABELA CITY,1,0,10/05/2020,REGION IX-ZAMBOANGA PENINSULA,2020
ISABELA CITY,1,0,17/05/2020,REGION IX-ZAMBOANGA PENINSULA,2020
ISABELA CITY,0,0,24/05/2020,REGION IX-ZAMBOANGA PENINSULA,2020
ISABELA CITY,1,0,31/05/2020,REGION IX-ZAMBOANGA PENINSULA,2020
ISABELA CITY,0,0,07/06/2020,REGION IX-ZAMBOANGA PENINSULA,2020
ISABELA CITY,3,0,14/06/2020,REGION IX-ZAMBOANGA PENINSULA,2020
ISABELA CITY,0,0,21/06/2020,REGION IX-ZAMBOANGA PENINSULA,2020
ISABELA CITY,5,0,28/06/2020,REGION IX-ZAMBOANGA PENINSULA,2020
ISABELA CITY,5,0,05/07/2020,REGION IX-ZAMBOANGA PENINSULA,2020
ISABELA CITY,3,0,12/07/2020,REGION IX-ZAMBOANGA PENINSULA,2020
ISABELA CITY,5,0,19/07/2020,REGION IX-ZAMBOANGA PENINSULA,2020
ISABELA CITY,3,0,26/07/2020,REGION IX-ZAMBOANGA PENINSULA,2020
ISABELA CITY,1,0,02/08/2020,REGION IX-ZAMBOANGA PENINSULA,2020
ISABELA CITY,2,0,09/08/2020,REGION IX-ZAMBOANGA PENINSULA,2020
ISABELA CITY,1,0,16/08/2020,REGION IX-ZAMBOANGA PENINSULA,2020
ISABELA CITY,5,0,23/08/2020,REGION IX-ZAMBOANGA PENINSULA,2020
ISABELA CITY,2,0,30/08/2020,REGION IX-ZAMBOANGA PENINSULA,2020
ISABELA CITY,1,0,06/09/2020,REGION IX-ZAMBOANGA PENINSULA,2020
ISABELA CITY,4,0,13/09/2020,REGION IX-ZAMBOANGA PENINSULA,2020
ISABELA CITY,2,0,20/09/2020,REGION IX-ZAMBOANGA PENINSULA,2020
ISABELA CITY,2,0,27/09/2020,REGION IX-ZAMBOANGA PENINSULA,2020
ISABELA CITY,6,0,04/10/2020,REGION IX-ZAMBOANGA PENINSULA,2020
ISABELA CITY,2,0,11/10/2020,REGION IX-ZAMBOANGA PENINSULA,2020
ISABELA CITY,3,0,18/10/2020,REGION IX-ZAMBOANGA PENINSULA,2020
ISABELA CITY,2,0,25/10/2020,REGION IX-ZAMBOANGA PENINSULA,2020
ISABELA CITY,1,0,01/11/2020,REGION IX-ZAMBOANGA PENINSULA,2020
ISABELA CITY,3,0,08/11/2020,REGION IX-ZAMBOANGA PENINSULA,2020
ISABELA CITY,4,0,15/11/2020,REGION IX-ZAMBOANGA PENINSULA,2020
ISABELA CITY,1,0,22/11/2020,REGION IX-ZAMBOANGA PENINSULA,2020
ISABELA CITY,1,0,29/11/2020,REGION IX-ZAMBOANGA PENINSULA,2020
ISABELA CITY,2,0,06/12/2020,REGION IX-ZAMBOANGA PENINSULA,2020
ISABELA CITY,1,0,13/12/2020,REGION IX-ZAMBOANGA PENINSULA,2020
ISABELA CITY,3,0,20/12/2020,REGION IX-ZAMBOANGA PENINSULA,2020
ISABELA CITY,2,0,27/12/2020,REGION IX-ZAMBOANGA PENINSULA,2020
ZAMBOANGA CITY,18,0,12/01/2020,REGION IX-ZAMBOANGA PENINSULA,2020
ZAMBOANGA CITY,30,0,19/01/2020,REGION IX-ZAMBOANGA PENINSULA,2020
ZAMBOANGA CITY,32,0,26/01/2020,REGION IX-ZAMBOANGA PENINSULA,2020
ZAMBOANGA CITY,24,0,02/02/2020,REGION IX-ZAMBOANGA PENINSULA,2020
ZAMBOANGA CITY,40,0,09/02/2020,REGION IX-ZAMBOANGA PENINSULA,2020
ZAMBOANGA CITY,34,0,16/02/2020,REGION IX-ZAMBOANGA PENINSULA,2020
ZAMBOANGA CITY,21,0,23/02/2020,REGION IX-ZAMBOANGA PENINSULA,2020
ZAMBOANGA CITY,22,0,01/03/2020,REGION IX-ZAMBOANGA PENINSULA,2020
ZAMBOANGA CITY,24,0,08/03/2020,REGION IX-ZAMBOANGA PENINSULA,2020
ZAMBOANGA CITY,31,0,15/03/2020,REGION IX-ZAMBOANGA PENINSULA,2020
ZAMBOANGA CITY,25,0,22/03/2020,REGION IX-ZAMBOANGA PENINSULA,2020
ZAMBOANGA CITY,14,1,29/03/2020,REGION IX-ZAMBOANGA PENINSULA,2020
ZAMBOANGA CITY,5,0,05/04/2020,REGION IX-ZAMBOANGA PENINSULA,2020
ZAMBOANGA CITY,2,0,12/04/2020,REGION IX-ZAMBOANGA PENINSULA,2020
ZAMBOANGA CITY,5,0,19/04/2020,REGION IX-ZAMBOANGA PENINSULA,2020
ZAMBOANGA CITY,1,0,26/04/2020,REGION IX-ZAMBOANGA PENINSULA,2020
ZAMBOANGA CITY,3,0,03/05/2020,REGION IX-ZAMBOANGA PENINSULA,2020
ZAMBOANGA CITY,4,0,10/05/2020,REGION IX-ZAMBOANGA PENINSULA,2020
ZAMBOANGA CITY,1,0,17/05/2020,REGION IX-ZAMBOANGA PENINSULA,2020
ZAMBOANGA CITY,2,0,24/05/2020,REGION IX-ZAMBOANGA PENINSULA,2020
ZAMBOANGA CITY,1,0,31/05/2020,REGION IX-ZAMBOANGA PENINSULA,2020
ZAMBOANGA CITY,4,0,07/06/2020,REGION IX-ZAMBOANGA PENINSULA,2020
ZAMBOANGA CITY,3,1,14/06/2020,REGION IX-ZAMBOANGA PENINSULA,2020
ZAMBOANGA CITY,2,0,21/06/2020,REGION IX-ZAMBOANGA PENINSULA,2020
ZAMBOANGA CITY,6,0,28/06/2020,REGION IX-ZAMBOANGA PENINSULA,2020
ZAMBOANGA CITY,6,0,05/07/2020,REGION IX-ZAMBOANGA PENINSULA,2020
ZAMBOANGA CITY,5,0,12/07/2020,REGION IX-ZAMBOANGA PENINSULA,2020
ZAMBOANGA CITY,6,0,19/07/2020,REGION IX-ZAMBOANGA PENINSULA,2020
ZAMBOANGA CITY,8,0,26/07/2020,REGION IX-ZAMBOANGA PENINSULA,2020
ZAMBOANGA CITY,4,0,02/08/2020,REGION IX-ZAMBOANGA PENINSULA,2020
ZAMBOANGA CITY,5,0,09/08/2020,REGION IX-ZAMBOANGA PENINSULA,2020
ZAMBOANGA CITY,9,1,16/08/2020,REGION IX-ZAMBOANGA PENINSULA,2020
ZAMBOANGA CITY,6,0,23/08/2020,REGION IX-ZAMBOANGA PENINSULA,2020
ZAMBOANGA CITY,6,0,30/08/2020,REGION IX-ZAMBOANGA PENINSULA,2020
ZAMBOANGA CITY,6,0,06/09/2020,REGION IX-ZAMBOANGA PENINSULA,2020
ZAMBOANGA CITY,3,0,13/09/2020,REGION IX-ZAMBOANGA PENINSULA,2020
ZAMBOANGA CITY,4,0,20/09/2020,REGION IX-ZAMBOANGA PENINSULA,2020
ZAMBOANGA CITY,6,1,27/09/2020,REGION IX-ZAMBOANGA PENINSULA,2020
ZAMBOANGA CITY,2,0,04/10/2020,REGION IX-ZAMBOANGA PENINSULA,2020
ZAMBOANGA CITY,6,0,11/10/2020,REGION IX-ZAMBOANGA PENINSULA,2020
ZAMBOANGA CITY,3,0,18/10/2020,REGION IX-ZAMBOANGA PENINSULA,2020
ZAMBOANGA CITY,1,0,25/10/2020,REGION IX-ZAMBOANGA PENINSULA,2020
ZAMBOANGA CITY,1,0,01/11/2020,REGION IX-ZAMBOANGA PENINSULA,2020
ZAMBOANGA CITY,4,0,08/11/2020,REGION IX-ZAMBOANGA PENINSULA,2020
ZAMBOANGA CITY,2,0,15/11/2020,REGION IX-ZAMBOANGA PENINSULA,2020
ZAMBOANGA CITY,1,0,22/11/2020,REGION IX-ZAMBOANGA PENINSULA,2020
ZAMBOANGA CITY,4,0,29/11/2020,REGION IX-ZAMBOANGA PENINSULA,2020
ZAMBOANGA CITY,5,1,06/12/2020,REGION IX-ZAMBOANGA PENINSULA,2020
ZAMBOANGA CITY,1,0,13/12/2020,REGION IX-ZAMBOANGA PENINSULA,2020
ZAMBOANGA CITY,4,0,20/12/2020,REGION IX-ZAMBOANGA PENINSULA,2020
ZAMBOANGA CITY,3,0,27/12/2020,REGION IX-ZAMBOANGA PENINSULA,2020
ZAMBOANGA DEL NORTE,40,0,12/01/2020,REGION IX-ZAMBOANGA PENINSULA,2020
ZAMBOANGA DEL NORTE,94,1,19/01/2020,REGION IX-ZAMBOANGA PENINSULA,2020
ZAMBOANGA DEL NORTE,79,0,26/01/2020,REGION IX-ZAMBOANGA PENINSULA,2020
ZAMBOANGA DEL NORTE,60,0,02/02/2020,REGION IX-ZAMBOANGA PENINSULA,2020
ZAMBOANGA DEL NORTE,68,1,09/02/2020,REGION IX-ZAMBOANGA PENINSULA,2020
ZAMBOANGA DEL NORTE,75,1,16/02/2020,REGION IX-ZAMBOANGA PENINSULA,2020
ZAMBOANGA DEL NORTE,59,0,23/02/2020,REGION IX-ZAMBOANGA PENINSULA,2020
ZAMBOANGA DEL NORTE,47,0,01/03/2020,REGION IX-ZAMBOANGA PENINSULA,2020
ZAMBOANGA DEL NORTE,42,0,08/03/2020,REGION IX-ZAMBOANGA PENINSULA,2020
ZAMBOANGA DEL NORTE,26,0,15/03/2020,REGION IX-ZAMBOANGA PENINSULA,2020
ZAMBOANGA DEL NORTE,29,0,22/03/2020,REGION IX-ZAMBOANGA PENINSULA,2020
ZAMBOANGA DEL NORTE,19,0,29/03/2020,REGION IX-ZAMBOANGA PENINSULA,2020
ZAMBOANGA DEL NORTE,10,0,05/04/2020,REGION IX-ZAMBOANGA PENINSULA,2020
ZAMBOANGA DEL NORTE,5,0,12/04/2020,REGION IX-ZAMBOANGA PENINSULA,2020
ZAMBOANGA DEL NORTE,10,0,19/04/2020,REGION IX-ZAMBOANGA PENINSULA,2020
ZAMBOANGA DEL NORTE,17,0,26/04/2020,REGION IX-ZAMBOANGA PENINSULA,2020
ZAMBOANGA DEL NORTE,9,0,03/05/2020,REGION IX-ZAMBOANGA PENINSULA,2020
ZAMBOANGA DEL NORTE,13,0,10/05/2020,REGION IX-ZAMBOANGA PENINSULA,2020
ZAMBOANGA DEL NORTE,6,0,17/05/2020,REGION IX-ZAMBOANGA PENINSULA,2020
ZAMBOANGA DEL NORTE,12,0,24/05/2020,REGION IX-ZAMBOANGA PENINSULA,2020
ZAMBOANGA DEL NORTE,16,0,31/05/2020,REGION IX-ZAMBOANGA PENINSULA,2020
ZAMBOANGA DEL NORTE,6,0,07/06/2020,REGION IX-ZAMBOANGA PENINSULA,2020
ZAMBOANGA DEL NORTE,15,0,14/06/2020,REGION IX-ZAMBOANGA PENINSULA,2020
ZAMBOANGA DEL NORTE,15,0,21/06/2020,REGION IX-ZAMBOANGA PENINSULA,2020
ZAMBOANGA DEL NORTE,14,0,28/06/2020,REGION IX-ZAMBOANGA PENINSULA,2020
ZAMBOANGA DEL NORTE,22,0,05/07/2020,REGION IX-ZAMBOANGA PENINSULA,2020
ZAMBOANGA DEL NORTE,15,0,12/07/2020,REGION IX-ZAMBOANGA PENINSULA,2020
ZAMBOANGA DEL NORTE,16,0,19/07/2020,REGION IX-ZAMBOANGA PENINSULA,2020
ZAMBOANGA DEL NORTE,22,0,26/07/2020,REGION IX-ZAMBOANGA PENINSULA,2020
ZAMBOANGA DEL NORTE,31,0,02/08/2020,REGION IX-ZAMBOANGA PENINSULA,2020
ZAMBOANGA DEL NORTE,24,0,09/08/2020,REGION IX-ZAMBOANGA PENINSULA,2020
ZAMBOANGA DEL NORTE,32,0,16/08/2020,REGION IX-ZAMBOANGA PENINSULA,2020
ZAMBOANGA DEL NORTE,17,0,23/08/2020,REGION IX-ZAMBOANGA PENINSULA,2020
ZAMBOANGA DEL NORTE,18,0,30/08/2020,REGION IX-ZAMBOANGA PENINSULA,2020
ZAMBOANGA DEL NORTE,13,0,06/09/2020,REGION IX-ZAMBOANGA PENINSULA,2020
ZAMBOANGA DEL NORTE,9,0,13/09/2020,REGION IX-ZAMBOANGA PENINSULA,2020
ZAMBOANGA DEL NORTE,14,0,20/09/2020,REGION IX-ZAMBOANGA PENINSULA,2020
ZAMBOANGA DEL NORTE,13,0,27/09/2020,REGION IX-ZAMBOANGA PENINSULA,2020
ZAMBOANGA DEL NORTE,14,0,04/10/2020,REGION IX-ZAMBOANGA PENINSULA,2020
ZAMBOANGA DEL NORTE,6,0,11/10/2020,REGION IX-ZAMBOANGA PENINSULA,2020
ZAMBOANGA DEL NORTE,10,0,18/10/2020,REGION IX-ZAMBOANGA PENINSULA,2020
ZAMBOANGA DEL NORTE,2,0,25/10/2020,REGION IX-ZAMBOANGA PENINSULA,2020
ZAMBOANGA DEL NORTE,7,0,01/11/2020,REGION IX-ZAMBOANGA PENINSULA,2020
ZAMBOANGA DEL NORTE,5,0,08/11/2020,REGION IX-ZAMBOANGA PENINSULA,2020
ZAMBOANGA DEL NORTE,6,0,15/11/2020,REGION IX-ZAMBOANGA PENINSULA,2020
ZAMBOANGA DEL NORTE,2,0,22/11/2020,REGION IX-ZAMBOANGA PENINSULA,2020
ZAMBOANGA DEL NORTE,3,0,29/11/2020,REGION IX-ZAMBOANGA PENINSULA,2020
ZAMBOANGA DEL NORTE,3,0,06/12/2020,REGION IX-ZAMBOANGA PENINSULA,2020
ZAMBOANGA DEL NORTE,10,0,13/12/2020,REGION IX-ZAMBOANGA PENINSULA,2020
ZAMBOANGA DEL NORTE,6,0,20/12/2020,REGION IX-ZAMBOANGA PENINSULA,2020
ZAMBOANGA DEL NORTE,1,0,27/12/2020,REGION IX-ZAMBOANGA PENINSULA,2020
ZAMBOANGA DEL SUR,13,0,12/01/2020,REGION IX-ZAMBOANGA PENINSULA,2020
ZAMBOANGA DEL SUR,18,0,19/01/2020,REGION IX-ZAMBOANGA PENINSULA,2020
ZAMBOANGA DEL SUR,19,0,26/01/2020,REGION IX-ZAMBOANGA PENINSULA,2020
ZAMBOANGA DEL SUR,18,0,02/02/2020,REGION IX-ZAMBOANGA PENINSULA,2020
ZAMBOANGA DEL SUR,9,0,09/02/2020,REGION IX-ZAMBOANGA PENINSULA,2020
ZAMBOANGA DEL SUR,18,0,16/02/2020,REGION IX-ZAMBOANGA PENINSULA,2020
ZAMBOANGA DEL SUR,27,0,23/02/2020,REGION IX-ZAMBOANGA PENINSULA,2020
ZAMBOANGA DEL SUR,16,0,01/03/2020,REGION IX-ZAMBOANGA PENINSULA,2020
ZAMBOANGA DEL SUR,13,0,08/03/2020,REGION IX-ZAMBOANGA PENINSULA,2020
ZAMBOANGA DEL SUR,11,0,15/03/2020,REGION IX-ZAMBOANGA PENINSULA,2020
ZAMBOANGA DEL SUR,15,0,22/03/2020,REGION IX-ZAMBOANGA PENINSULA,2020
ZAMBOANGA DEL SUR,4,0,29/03/2020,REGION IX-ZAMBOANGA PENINSULA,2020
ZAMBOANGA DEL SUR,8,0,05/04/2020,REGION IX-ZAMBOANGA PENINSULA,2020
ZAMBOANGA DEL SUR,2,0,12/04/2020,REGION IX-ZAMBOANGA PENINSULA,2020
ZAMBOANGA DEL SUR,5,0,19/04/2020,REGION IX-ZAMBOANGA PENINSULA,2020
ZAMBOANGA DEL SUR,13,1,26/04/2020,REGION IX-ZAMBOANGA PENINSULA,2020
ZAMBOANGA DEL SUR,9,0,03/05/2020,REGION IX-ZAMBOANGA PENINSULA,2020
ZAMBOANGA DEL SUR,11,0,10/05/2020,REGION IX-ZAMBOANGA PENINSULA,2020
ZAMBOANGA DEL SUR,13,0,17/05/2020,REGION IX-ZAMBOANGA PENINSULA,2020
ZAMBOANGA DEL SUR,15,1,24/05/2020,REGION IX-ZAMBOANGA PENINSULA,2020
ZAMBOANGA DEL SUR,16,0,31/05/2020,REGION IX-ZAMBOANGA PENINSULA,2020
ZAMBOANGA DEL SUR,4,0,07/06/2020,REGION IX-ZAMBOANGA PENINSULA,2020
ZAMBOANGA DEL SUR,13,0,14/06/2020,REGION IX-ZAMBOANGA PENINSULA,2020
ZAMBOANGA DEL SUR,14,0,21/06/2020,REGION IX-ZAMBOANGA PENINSULA,2020
ZAMBOANGA DEL SUR,11,0,28/06/2020,REGION IX-ZAMBOANGA PENINSULA,2020
ZAMBOANGA DEL SUR,14,0,05/07/2020,REGION IX-ZAMBOANGA PENINSULA,2020
ZAMBOANGA DEL SUR,11,0,12/07/2020,REGION IX-ZAMBOANGA PENINSULA,2020
ZAMBOANGA DEL SUR,10,0,19/07/2020,REGION IX-ZAMBOANGA PENINSULA,2020
ZAMBOANGA DEL SUR,10,0,26/07/2020,REGION IX-ZAMBOANGA PENINSULA,2020
ZAMBOANGA DEL SUR,5,0,02/08/2020,REGION IX-ZAMBOANGA PENINSULA,2020
ZAMBOANGA DEL SUR,9,0,09/08/2020,REGION IX-ZAMBOANGA PENINSULA,2020
ZAMBOANGA DEL SUR,13,0,16/08/2020,REGION IX-ZAMBOANGA PENINSULA,2020
ZAMBOANGA DEL SUR,6,0,23/08/2020,REGION IX-ZAMBOANGA PENINSULA,2020
ZAMBOANGA DEL SUR,8,0,30/08/2020,REGION IX-ZAMBOANGA PENINSULA,2020
ZAMBOANGA DEL SUR,8,0,06/09/2020,REGION IX-ZAMBOANGA PENINSULA,2020
ZAMBOANGA DEL SUR,3,0,13/09/2020,REGION IX-ZAMBOANGA PENINSULA,2020
ZAMBOANGA DEL SUR,2,0,20/09/2020,REGION IX-ZAMBOANGA PENINSULA,2020
ZAMBOANGA DEL SUR,5,0,27/09/2020,REGION IX-ZAMBOANGA PENINSULA,2020
ZAMBOANGA DEL SUR,5,0,04/10/2020,REGION IX-ZAMBOANGA PENINSULA,2020
ZAMBOANGA DEL SUR,1,0,11/10/2020,REGION IX-ZAMBOANGA PENINSULA,2020
ZAMBOANGA DEL SUR,3,0,18/10/2020,REGION IX-ZAMBOANGA PENINSULA,2020
ZAMBOANGA DEL SUR,2,0,25/10/2020,REGION IX-ZAMBOANGA PENINSULA,2020
ZAMBOANGA DEL SUR,1,0,01/11/2020,REGION IX-ZAMBOANGA PENINSULA,2020
ZAMBOANGA DEL SUR,1,0,08/11/2020,REGION IX-ZAMBOANGA PENINSULA,2020
ZAMBOANGA DEL SUR,1,0,15/11/2020,REGION IX-ZAMBOANGA PENINSULA,2020
ZAMBOANGA DEL SUR,4,0,22/11/2020,REGION IX-ZAMBOANGA PENINSULA,2020
ZAMBOANGA DEL SUR,3,0,29/11/2020,REGION IX-ZAMBOANGA PENINSULA,2020
ZAMBOANGA DEL SUR,2,0,06/12/2020,REGION IX-ZAMBOANGA PENINSULA,2020
ZAMBOANGA DEL SUR,1,0,13/12/2020,REGION IX-ZAMBOANGA PENINSULA,2020
ZAMBOANGA DEL SUR,2,0,20/12/2020,REGION IX-ZAMBOANGA PENINSULA,2020
ZAMBOANGA DEL SUR,1,0,27/12/2020,REGION IX-ZAMBOANGA PENINSULA,2020
ZAMBOANGA SIBUGAY,14,0,12/01/2020,REGION IX-ZAMBOANGA PENINSULA,2020
ZAMBOANGA SIBUGAY,36,0,19/01/2020,REGION IX-ZAMBOANGA PENINSULA,2020
ZAMBOANGA SIBUGAY,35,2,26/01/2020,REGION IX-ZAMBOANGA PENINSULA,2020
ZAMBOANGA SIBUGAY,30,1,02/02/2020,REGION IX-ZAMBOANGA PENINSULA,2020
ZAMBOANGA SIBUGAY,34,0,09/02/2020,REGION IX-ZAMBOANGA PENINSULA,2020
ZAMBOANGA SIBUGAY,32,0,16/02/2020,REGION IX-ZAMBOANGA PENINSULA,2020
ZAMBOANGA SIBUGAY,17,0,23/02/2020,REGION IX-ZAMBOANGA PENINSULA,2020
ZAMBOANGA SIBUGAY,22,0,01/03/2020,REGION IX-ZAMBOANGA PENINSULA,2020
ZAMBOANGA SIBUGAY,17,0,08/03/2020,REGION IX-ZAMBOANGA PENINSULA,2020
ZAMBOANGA SIBUGAY,11,0,15/03/2020,REGION IX-ZAMBOANGA PENINSULA,2020
ZAMBOANGA SIBUGAY,19,0,22/03/2020,REGION IX-ZAMBOANGA PENINSULA,2020
ZAMBOANGA SIBUGAY,6,0,29/03/2020,REGION IX-ZAMBOANGA PENINSULA,2020
ZAMBOANGA SIBUGAY,6,0,05/04/2020,REGION IX-ZAMBOANGA PENINSULA,2020
ZAMBOANGA SIBUGAY,6,0,12/04/2020,REGION IX-ZAMBOANGA PENINSULA,2020
ZAMBOANGA SIBUGAY,8,0,19/04/2020,REGION IX-ZAMBOANGA PENINSULA,2020
ZAMBOANGA SIBUGAY,5,1,26/04/2020,REGION IX-ZAMBOANGA PENINSULA,2020
ZAMBOANGA SIBUGAY,6,0,03/05/2020,REGION IX-ZAMBOANGA PENINSULA,2020
ZAMBOANGA SIBUGAY,10,0,10/05/2020,REGION IX-ZAMBOANGA PENINSULA,2020
ZAMBOANGA SIBUGAY,4,0,17/05/2020,REGION IX-ZAMBOANGA PENINSULA,2020
ZAMBOANGA SIBUGAY,5,0,24/05/2020,REGION IX-ZAMBOANGA PENINSULA,2020
ZAMBOANGA SIBUGAY,4,0,31/05/2020,REGION IX-ZAMBOANGA PENINSULA,2020
ZAMBOANGA SIBUGAY,5,0,07/06/2020,REGION IX-ZAMBOANGA PENINSULA,2020
ZAMBOANGA SIBUGAY,3,0,14/06/2020,REGION IX-ZAMBOANGA PENINSULA,2020
ZAMBOANGA SIBUGAY,1,0,21/06/2020,REGION IX-ZAMBOANGA PENINSULA,2020
ZAMBOANGA SIBUGAY,0,0,28/06/2020,REGION IX-ZAMBOANGA PENINSULA,2020
ZAMBOANGA SIBUGAY,3,0,05/07/2020,REGION IX-ZAMBOANGA PENINSULA,2020
ZAMBOANGA SIBUGAY,2,0,12/07/2020,REGION IX-ZAMBOANGA PENINSULA,2020
ZAMBOANGA SIBUGAY,1,0,19/07/2020,REGION IX-ZAMBOANGA PENINSULA,2020
ZAMBOANGA SIBUGAY,1,0,26/07/2020,REGION IX-ZAMBOANGA PENINSULA,2020
ZAMBOANGA SIBUGAY,3,0,02/08/2020,REGION IX-ZAMBOANGA PENINSULA,2020
ZAMBOANGA SIBUGAY,3,0,09/08/2020,REGION IX-ZAMBOANGA PENINSULA,2020
ZAMBOANGA SIBUGAY,1,0,16/08/2020,REGION IX-ZAMBOANGA PENINSULA,2020
ZAMBOANGA SIBUGAY,0,0,23/08/2020,REGION IX-ZAMBOANGA PENINSULA,2020
ZAMBOANGA SIBUGAY,2,0,30/08/2020,REGION IX-ZAMBOANGA PENINSULA,2020
ZAMBOANGA SIBUGAY,4,2,06/09/2020,REGION IX-ZAMBOANGA PENINSULA,2020
ZAMBOANGA SIBUGAY,3,0,13/09/2020,REGION IX-ZAMBOANGA PENINSULA,2020
ZAMBOANGA SIBUGAY,4,0,20/09/2020,REGION IX-ZAMBOANGA PENINSULA,2020
ZAMBOANGA SIBUGAY,1,0,27/09/2020,REGION IX-ZAMBOANGA PENINSULA,2020
ZAMBOANGA SIBUGAY,3,0,04/10/2020,REGION IX-ZAMBOANGA PENINSULA,2020
ZAMBOANGA SIBUGAY,5,0,11/10/2020,REGION IX-ZAMBOANGA PENINSULA,2020
ZAMBOANGA SIBUGAY,2,0,18/10/2020,REGION IX-ZAMBOANGA PENINSULA,2020
ZAMBOANGA SIBUGAY,1,0,25/10/2020,REGION IX-ZAMBOANGA PENINSULA,2020
ZAMBOANGA SIBUGAY,1,0,01/11/2020,REGION IX-ZAMBOANGA PENINSULA,2020
ZAMBOANGA SIBUGAY,1,0,08/11/2020,REGION IX-ZAMBOANGA PENINSULA,2020
ZAMBOANGA SIBUGAY,2,0,15/11/2020,REGION IX-ZAMBOANGA PENINSULA,2020
ZAMBOANGA SIBUGAY,1,0,22/11/2020,REGION IX-ZAMBOANGA PENINSULA,2020
ZAMBOANGA SIBUGAY,0,0,29/11/2020,REGION IX-ZAMBOANGA PENINSULA,2020
ZAMBOANGA SIBUGAY,2,0,06/12/2020,REGION IX-ZAMBOANGA PENINSULA,2020
ZAMBOANGA SIBUGAY,1,0,13/12/2020,REGION IX-ZAMBOANGA PENINSULA,2020
ZAMBOANGA SIBUGAY,1,0,20/12/2020,REGION IX-ZAMBOANGA PENINSULA,2020
ZAMBOANGA SIBUGAY,0,0,27/12/2020,REGION IX-ZAMBOANGA PENINSULA,2020
BUKIDNON,41,0,12/01/2020,REGION X-NORTHERN MINDANAO,2020
BUKIDNON,44,1,19/01/2020,REGION X-NORTHERN MINDANAO,2020
BUKIDNON,40,0,26/01/2020,REGION X-NORTHERN MINDANAO,2020
BUKIDNON,38,0,02/02/2020,REGION X-NORTHERN MINDANAO,2020
BUKIDNON,41,0,09/02/2020,REGION X-NORTHERN MINDANAO,2020
BUKIDNON,37,0,16/02/2020,REGION X-NORTHERN MINDANAO,2020
BUKIDNON,35,0,23/02/2020,REGION X-NORTHERN MINDANAO,2020
BUKIDNON,25,0,01/03/2020,REGION X-NORTHERN MINDANAO,2020
BUKIDNON,36,0,08/03/2020,REGION X-NORTHERN MINDANAO,2020
BUKIDNON,40,0,15/03/2020,REGION X-NORTHERN MINDANAO,2020
BUKIDNON,34,0,22/03/2020,REGION X-NORTHERN MINDANAO,2020
BUKIDNON,27,0,29/03/2020,REGION X-NORTHERN MINDANAO,2020
BUKIDNON,12,0,05/04/2020,REGION X-NORTHERN MINDANAO,2020
BUKIDNON,11,1,12/04/2020,REGION X-NORTHERN MINDANAO,2020
BUKIDNON,16,0,19/04/2020,REGION X-NORTHERN MINDANAO,2020
BUKIDNON,21,0,26/04/2020,REGION X-NORTHERN MINDANAO,2020
BUKIDNON,25,0,03/05/2020,REGION X-NORTHERN MINDANAO,2020
BUKIDNON,14,0,10/05/2020,REGION X-NORTHERN MINDANAO,2020
BUKIDNON,24,0,17/05/2020,REGION X-NORTHERN MINDANAO,2020
BUKIDNON,24,0,24/05/2020,REGION X-NORTHERN MINDANAO,2020
BUKIDNON,23,0,31/05/2020,REGION X-NORTHERN MINDANAO,2020
BUKIDNON,29,0,07/06/2020,REGION X-NORTHERN MINDANAO,2020
BUKIDNON,31,0,14/06/2020,REGION X-NORTHERN MINDANAO,2020
BUKIDNON,41,0,21/06/2020,REGION X-NORTHERN MINDANAO,2020
BUKIDNON,29,0,28/06/2020,REGION X-NORTHERN MINDANAO,2020
BUKIDNON,55,0,05/07/2020,REGION X-NORTHERN MINDANAO,2020
BUKIDNON,42,0,12/07/2020,REGION X-NORTHERN MINDANAO,2020
BUKIDNON,43,0,19/07/2020,REGION X-NORTHERN MINDANAO,2020
BUKIDNON,56,1,26/07/2020,REGION X-NORTHERN MINDANAO,2020
BUKIDNON,52,1,02/08/2020,REGION X-NORTHERN MINDANAO,2020
BUKIDNON,45,0,09/08/2020,REGION X-NORTHERN MINDANAO,2020
BUKIDNON,45,0,16/08/2020,REGION X-NORTHERN MINDANAO,2020
BUKIDNON,25,0,23/08/2020,REGION X-NORTHERN MINDANAO,2020
BUKIDNON,22,0,30/08/2020,REGION X-NORTHERN MINDANAO,2020
BUKIDNON,25,0,06/09/2020,REGION X-NORTHERN MINDANAO,2020
BUKIDNON,21,0,13/09/2020,REGION X-NORTHERN MINDANAO,2020
BUKIDNON,22,0,20/09/2020,REGION X-NORTHERN MINDANAO,2020
BUKIDNON,21,1,27/09/2020,REGION X-NORTHERN MINDANAO,2020
BUKIDNON,15,0,04/10/2020,REGION X-NORTHERN MINDANAO,2020
BUKIDNON,17,1,11/10/2020,REGION X-NORTHERN MINDANAO,2020
BUKIDNON,19,0,18/10/2020,REGION X-NORTHERN MINDANAO,2020
BUKIDNON,10,0,25/10/2020,REGION X-NORTHERN MINDANAO,2020
BUKIDNON,8,0,01/11/2020,REGION X-NORTHERN MINDANAO,2020
BUKIDNON,18,0,08/11/2020,REGION X-NORTHERN MINDANAO,2020
BUKIDNON,15,0,15/11/2020,REGION X-NORTHERN MINDANAO,2020
BUKIDNON,14,1,22/11/2020,REGION X-NORTHERN MINDANAO,2020
BUKIDNON,15,0,29/11/2020,REGION X-NORTHERN MINDANAO,2020
BUKIDNON,19,0,06/12/2020,REGION X-NORTHERN MINDANAO,2020
BUKIDNON,12,0,13/12/2020,REGION X-NORTHERN MINDANAO,2020
BUKIDNON,13,0,20/12/2020,REGION X-NORTHERN MINDANAO,2020
BUKIDNON,13,0,27/12/2020,REGION X-NORTHERN MINDANAO,2020
 CAGAYAN DE ORO CITY,46,0,12/01/2020,REGION X-NORTHERN MINDANAO,2020
 CAGAYAN DE ORO CITY,65,2,19/01/2020,REGION X-NORTHERN MINDANAO,2020
 CAGAYAN DE ORO CITY,45,0,26/01/2020,REGION X-NORTHERN MINDANAO,2020
 CAGAYAN DE ORO CITY,48,0,02/02/2020,REGION X-NORTHERN MINDANAO,2020
 CAGAYAN DE ORO CITY,50,0,09/02/2020,REGION X-NORTHERN MINDANAO,2020
 CAGAYAN DE ORO CITY,44,0,16/02/2020,REGION X-NORTHERN MINDANAO,2020
 CAGAYAN DE ORO CITY,40,0,23/02/2020,REGION X-NORTHERN MINDANAO,2020
 CAGAYAN DE ORO CITY,9,0,01/03/2020,REGION X-NORTHERN MINDANAO,2020
 CAGAYAN DE ORO CITY,29,0,08/03/2020,REGION X-NORTHERN MINDANAO,2020
 CAGAYAN DE ORO CITY,31,0,15/03/2020,REGION X-NORTHERN MINDANAO,2020
 CAGAYAN DE ORO CITY,23,0,22/03/2020,REGION X-NORTHERN MINDANAO,2020
 CAGAYAN DE ORO CITY,18,0,29/03/2020,REGION X-NORTHERN MINDANAO,2020
 CAGAYAN DE ORO CITY,13,0,05/04/2020,REGION X-NORTHERN MINDANAO,2020
 CAGAYAN DE ORO CITY,7,0,12/04/2020,REGION X-NORTHERN MINDANAO,2020
 CAGAYAN DE ORO CITY,12,0,19/04/2020,REGION X-NORTHERN MINDANAO,2020
 CAGAYAN DE ORO CITY,8,0,26/04/2020,REGION X-NORTHERN MINDANAO,2020
 CAGAYAN DE ORO CITY,11,0,03/05/2020,REGION X-NORTHERN MINDANAO,2020
 CAGAYAN DE ORO CITY,13,0,10/05/2020,REGION X-NORTHERN MINDANAO,2020
 CAGAYAN DE ORO CITY,3,0,17/05/2020,REGION X-NORTHERN MINDANAO,2020
 CAGAYAN DE ORO CITY,11,0,24/05/2020,REGION X-NORTHERN MINDANAO,2020
 CAGAYAN DE ORO CITY,7,0,31/05/2020,REGION X-NORTHERN MINDANAO,2020
 CAGAYAN DE ORO CITY,8,0,07/06/2020,REGION X-NORTHERN MINDANAO,2020
 CAGAYAN DE ORO CITY,9,0,14/06/2020,REGION X-NORTHERN MINDANAO,2020
 CAGAYAN DE ORO CITY,8,0,21/06/2020,REGION X-NORTHERN MINDANAO,2020
 CAGAYAN DE ORO CITY,8,0,28/06/2020,REGION X-NORTHERN MINDANAO,2020
 CAGAYAN DE ORO CITY,6,0,05/07/2020,REGION X-NORTHERN MINDANAO,2020
 CAGAYAN DE ORO CITY,11,0,12/07/2020,REGION X-NORTHERN MINDANAO,2020
 CAGAYAN DE ORO CITY,14,0,19/07/2020,REGION X-NORTHERN MINDANAO,2020
 CAGAYAN DE ORO CITY,14,0,26/07/2020,REGION X-NORTHERN MINDANAO,2020
 CAGAYAN DE ORO CITY,11,0,02/08/2020,REGION X-NORTHERN MINDANAO,2020
 CAGAYAN DE ORO CITY,19,0,09/08/2020,REGION X-NORTHERN MINDANAO,2020
 CAGAYAN DE ORO CITY,12,0,16/08/2020,REGION X-NORTHERN MINDANAO,2020
 CAGAYAN DE ORO CITY,31,0,23/08/2020,REGION X-NORTHERN MINDANAO,2020
 CAGAYAN DE ORO CITY,13,0,30/08/2020,REGION X-NORTHERN MINDANAO,2020
 CAGAYAN DE ORO CITY,13,0,06/09/2020,REGION X-NORTHERN MINDANAO,2020
 CAGAYAN DE ORO CITY,22,0,13/09/2020,REGION X-NORTHERN MINDANAO,2020
 CAGAYAN DE ORO CITY,8,0,20/09/2020,REGION X-NORTHERN MINDANAO,2020
 CAGAYAN DE ORO CITY,13,0,27/09/2020,REGION X-NORTHERN MINDANAO,2020
 CAGAYAN DE ORO CITY,10,0,04/10/2020,REGION X-NORTHERN MINDANAO,2020
 CAGAYAN DE ORO CITY,11,0,11/10/2020,REGION X-NORTHERN MINDANAO,2020
 CAGAYAN DE ORO CITY,9,0,18/10/2020,REGION X-NORTHERN MINDANAO,2020
 CAGAYAN DE ORO CITY,10,0,25/10/2020,REGION X-NORTHERN MINDANAO,2020
 CAGAYAN DE ORO CITY,17,1,01/11/2020,REGION X-NORTHERN MINDANAO,2020
 CAGAYAN DE ORO CITY,15,0,08/11/2020,REGION X-NORTHERN MINDANAO,2020
 CAGAYAN DE ORO CITY,11,0,15/11/2020,REGION X-NORTHERN MINDANAO,2020
 CAGAYAN DE ORO CITY,5,0,22/11/2020,REGION X-NORTHERN MINDANAO,2020
 CAGAYAN DE ORO CITY,12,0,29/11/2020,REGION X-NORTHERN MINDANAO,2020
 CAGAYAN DE ORO CITY,19,0,06/12/2020,REGION X-NORTHERN MINDANAO,2020
 CAGAYAN DE ORO CITY,8,0,13/12/2020,REGION X-NORTHERN MINDANAO,2020
 CAGAYAN DE ORO CITY,16,0,20/12/2020,REGION X-NORTHERN MINDANAO,2020
 CAGAYAN DE ORO CITY,18,0,27/12/2020,REGION X-NORTHERN MINDANAO,2020
CAMIGUIN,6,0,12/01/2020,REGION X-NORTHERN MINDANAO,2020
CAMIGUIN,17,0,19/01/2020,REGION X-NORTHERN MINDANAO,2020
CAMIGUIN,16,0,26/01/2020,REGION X-NORTHERN MINDANAO,2020
CAMIGUIN,16,0,02/02/2020,REGION X-NORTHERN MINDANAO,2020
CAMIGUIN,15,0,09/02/2020,REGION X-NORTHERN MINDANAO,2020
CAMIGUIN,12,0,16/02/2020,REGION X-NORTHERN MINDANAO,2020
CAMIGUIN,9,0,23/02/2020,REGION X-NORTHERN MINDANAO,2020
CAMIGUIN,1,0,01/03/2020,REGION X-NORTHERN MINDANAO,2020
CAMIGUIN,2,0,08/03/2020,REGION X-NORTHERN MINDANAO,2020
CAMIGUIN,3,0,15/03/2020,REGION X-NORTHERN MINDANAO,2020
CAMIGUIN,4,0,22/03/2020,REGION X-NORTHERN MINDANAO,2020
CAMIGUIN,4,0,29/03/2020,REGION X-NORTHERN MINDANAO,2020
CAMIGUIN,1,0,05/04/2020,REGION X-NORTHERN MINDANAO,2020
CAMIGUIN,3,0,12/04/2020,REGION X-NORTHERN MINDANAO,2020
CAMIGUIN,1,0,19/04/2020,REGION X-NORTHERN MINDANAO,2020
CAMIGUIN,0,0,26/04/2020,REGION X-NORTHERN MINDANAO,2020
CAMIGUIN,1,0,03/05/2020,REGION X-NORTHERN MINDANAO,2020
CAMIGUIN,2,0,10/05/2020,REGION X-NORTHERN MINDANAO,2020
CAMIGUIN,0,0,17/05/2020,REGION X-NORTHERN MINDANAO,2020
CAMIGUIN,0,0,24/05/2020,REGION X-NORTHERN MINDANAO,2020
CAMIGUIN,1,0,31/05/2020,REGION X-NORTHERN MINDANAO,2020
CAMIGUIN,1,0,07/06/2020,REGION X-NORTHERN MINDANAO,2020
CAMIGUIN,1,0,14/06/2020,REGION X-NORTHERN MINDANAO,2020
CAMIGUIN,1,0,21/06/2020,REGION X-NORTHERN MINDANAO,2020
CAMIGUIN,0,0,28/06/2020,REGION X-NORTHERN MINDANAO,2020
CAMIGUIN,1,0,05/07/2020,REGION X-NORTHERN MINDANAO,2020
CAMIGUIN,1,0,12/07/2020,REGION X-NORTHERN MINDANAO,2020
CAMIGUIN,0,0,19/07/2020,REGION X-NORTHERN MINDANAO,2020
CAMIGUIN,0,0,26/07/2020,REGION X-NORTHERN MINDANAO,2020
CAMIGUIN,1,0,02/08/2020,REGION X-NORTHERN MINDANAO,2020
CAMIGUIN,1,0,09/08/2020,REGION X-NORTHERN MINDANAO,2020
CAMIGUIN,1,0,16/08/2020,REGION X-NORTHERN MINDANAO,2020
CAMIGUIN,1,0,23/08/2020,REGION X-NORTHERN MINDANAO,2020
CAMIGUIN,2,0,30/08/2020,REGION X-NORTHERN MINDANAO,2020
CAMIGUIN,1,0,06/09/2020,REGION X-NORTHERN MINDANAO,2020
CAMIGUIN,1,0,13/09/2020,REGION X-NORTHERN MINDANAO,2020
CAMIGUIN,2,0,20/09/2020,REGION X-NORTHERN MINDANAO,2020
CAMIGUIN,1,0,27/09/2020,REGION X-NORTHERN MINDANAO,2020
CAMIGUIN,1,0,04/10/2020,REGION X-NORTHERN MINDANAO,2020
CAMIGUIN,1,0,11/10/2020,REGION X-NORTHERN MINDANAO,2020
CAMIGUIN,0,0,18/10/2020,REGION X-NORTHERN MINDANAO,2020
CAMIGUIN,2,0,25/10/2020,REGION X-NORTHERN MINDANAO,2020
CAMIGUIN,0,0,01/11/2020,REGION X-NORTHERN MINDANAO,2020
CAMIGUIN,4,0,08/11/2020,REGION X-NORTHERN MINDANAO,2020
CAMIGUIN,0,0,15/11/2020,REGION X-NORTHERN MINDANAO,2020
CAMIGUIN,0,0,22/11/2020,REGION X-NORTHERN MINDANAO,2020
CAMIGUIN,1,0,29/11/2020,REGION X-NORTHERN MINDANAO,2020
CAMIGUIN,2,0,06/12/2020,REGION X-NORTHERN MINDANAO,2020
CAMIGUIN,0,0,13/12/2020,REGION X-NORTHERN MINDANAO,2020
CAMIGUIN,2,0,20/12/2020,REGION X-NORTHERN MINDANAO,2020
CAMIGUIN,1,0,27/12/2020,REGION X-NORTHERN MINDANAO,2020
ILIGAN CITY,21,0,12/01/2020,REGION X-NORTHERN MINDANAO,2020
ILIGAN CITY,30,0,19/01/2020,REGION X-NORTHERN MINDANAO,2020
ILIGAN CITY,17,0,26/01/2020,REGION X-NORTHERN MINDANAO,2020
ILIGAN CITY,34,0,02/02/2020,REGION X-NORTHERN MINDANAO,2020
ILIGAN CITY,25,1,09/02/2020,REGION X-NORTHERN MINDANAO,2020
ILIGAN CITY,24,0,16/02/2020,REGION X-NORTHERN MINDANAO,2020
ILIGAN CITY,36,0,23/02/2020,REGION X-NORTHERN MINDANAO,2020
ILIGAN CITY,21,0,01/03/2020,REGION X-NORTHERN MINDANAO,2020
ILIGAN CITY,22,0,08/03/2020,REGION X-NORTHERN MINDANAO,2020
ILIGAN CITY,11,1,15/03/2020,REGION X-NORTHERN MINDANAO,2020
ILIGAN CITY,13,0,22/03/2020,REGION X-NORTHERN MINDANAO,2020
ILIGAN CITY,7,0,29/03/2020,REGION X-NORTHERN MINDANAO,2020
ILIGAN CITY,6,0,05/04/2020,REGION X-NORTHERN MINDANAO,2020
ILIGAN CITY,6,0,12/04/2020,REGION X-NORTHERN MINDANAO,2020
ILIGAN CITY,6,0,19/04/2020,REGION X-NORTHERN MINDANAO,2020
ILIGAN CITY,2,0,26/04/2020,REGION X-NORTHERN MINDANAO,2020
ILIGAN CITY,1,0,03/05/2020,REGION X-NORTHERN MINDANAO,2020
ILIGAN CITY,1,0,10/05/2020,REGION X-NORTHERN MINDANAO,2020
ILIGAN CITY,4,0,17/05/2020,REGION X-NORTHERN MINDANAO,2020
ILIGAN CITY,6,0,24/05/2020,REGION X-NORTHERN MINDANAO,2020
ILIGAN CITY,4,0,31/05/2020,REGION X-NORTHERN MINDANAO,2020
ILIGAN CITY,1,0,07/06/2020,REGION X-NORTHERN MINDANAO,2020
ILIGAN CITY,3,0,14/06/2020,REGION X-NORTHERN MINDANAO,2020
ILIGAN CITY,2,0,21/06/2020,REGION X-NORTHERN MINDANAO,2020
ILIGAN CITY,2,0,28/06/2020,REGION X-NORTHERN MINDANAO,2020
ILIGAN CITY,5,0,05/07/2020,REGION X-NORTHERN MINDANAO,2020
ILIGAN CITY,5,0,12/07/2020,REGION X-NORTHERN MINDANAO,2020
ILIGAN CITY,5,0,19/07/2020,REGION X-NORTHERN MINDANAO,2020
ILIGAN CITY,8,0,26/07/2020,REGION X-NORTHERN MINDANAO,2020
ILIGAN CITY,7,0,02/08/2020,REGION X-NORTHERN MINDANAO,2020
ILIGAN CITY,6,0,09/08/2020,REGION X-NORTHERN MINDANAO,2020
ILIGAN CITY,12,0,16/08/2020,REGION X-NORTHERN MINDANAO,2020
ILIGAN CITY,3,0,23/08/2020,REGION X-NORTHERN MINDANAO,2020
ILIGAN CITY,2,0,30/08/2020,REGION X-NORTHERN MINDANAO,2020
ILIGAN CITY,5,0,06/09/2020,REGION X-NORTHERN MINDANAO,2020
ILIGAN CITY,1,0,13/09/2020,REGION X-NORTHERN MINDANAO,2020
ILIGAN CITY,3,0,20/09/2020,REGION X-NORTHERN MINDANAO,2020
ILIGAN CITY,2,0,27/09/2020,REGION X-NORTHERN MINDANAO,2020
ILIGAN CITY,0,0,04/10/2020,REGION X-NORTHERN MINDANAO,2020
ILIGAN CITY,0,0,11/10/2020,REGION X-NORTHERN MINDANAO,2020
ILIGAN CITY,0,0,18/10/2020,REGION X-NORTHERN MINDANAO,2020
ILIGAN CITY,2,0,25/10/2020,REGION X-NORTHERN MINDANAO,2020
ILIGAN CITY,2,0,01/11/2020,REGION X-NORTHERN MINDANAO,2020
ILIGAN CITY,1,0,08/11/2020,REGION X-NORTHERN MINDANAO,2020
ILIGAN CITY,2,0,15/11/2020,REGION X-NORTHERN MINDANAO,2020
ILIGAN CITY,4,0,22/11/2020,REGION X-NORTHERN MINDANAO,2020
ILIGAN CITY,7,0,29/11/2020,REGION X-NORTHERN MINDANAO,2020
ILIGAN CITY,6,0,06/12/2020,REGION X-NORTHERN MINDANAO,2020
ILIGAN CITY,8,0,13/12/2020,REGION X-NORTHERN MINDANAO,2020
ILIGAN CITY,4,0,20/12/2020,REGION X-NORTHERN MINDANAO,2020
ILIGAN CITY,7,1,27/12/2020,REGION X-NORTHERN MINDANAO,2020
LANAO DEL NORTE,31,0,12/01/2020,REGION X-NORTHERN MINDANAO,2020
LANAO DEL NORTE,62,0,19/01/2020,REGION X-NORTHERN MINDANAO,2020
LANAO DEL NORTE,60,0,26/01/2020,REGION X-NORTHERN MINDANAO,2020
LANAO DEL NORTE,67,0,02/02/2020,REGION X-NORTHERN MINDANAO,2020
LANAO DEL NORTE,52,1,09/02/2020,REGION X-NORTHERN MINDANAO,2020
LANAO DEL NORTE,56,0,16/02/2020,REGION X-NORTHERN MINDANAO,2020
LANAO DEL NORTE,38,1,23/02/2020,REGION X-NORTHERN MINDANAO,2020
LANAO DEL NORTE,44,0,01/03/2020,REGION X-NORTHERN MINDANAO,2020
LANAO DEL NORTE,52,0,08/03/2020,REGION X-NORTHERN MINDANAO,2020
LANAO DEL NORTE,42,0,15/03/2020,REGION X-NORTHERN MINDANAO,2020
LANAO DEL NORTE,47,1,22/03/2020,REGION X-NORTHERN MINDANAO,2020
LANAO DEL NORTE,33,0,29/03/2020,REGION X-NORTHERN MINDANAO,2020
LANAO DEL NORTE,25,1,05/04/2020,REGION X-NORTHERN MINDANAO,2020
LANAO DEL NORTE,4,0,12/04/2020,REGION X-NORTHERN MINDANAO,2020
LANAO DEL NORTE,14,0,19/04/2020,REGION X-NORTHERN MINDANAO,2020
LANAO DEL NORTE,13,0,26/04/2020,REGION X-NORTHERN MINDANAO,2020
LANAO DEL NORTE,10,0,03/05/2020,REGION X-NORTHERN MINDANAO,2020
LANAO DEL NORTE,10,0,10/05/2020,REGION X-NORTHERN MINDANAO,2020
LANAO DEL NORTE,8,0,17/05/2020,REGION X-NORTHERN MINDANAO,2020
LANAO DEL NORTE,13,0,24/05/2020,REGION X-NORTHERN MINDANAO,2020
LANAO DEL NORTE,5,0,31/05/2020,REGION X-NORTHERN MINDANAO,2020
LANAO DEL NORTE,7,0,07/06/2020,REGION X-NORTHERN MINDANAO,2020
LANAO DEL NORTE,8,0,14/06/2020,REGION X-NORTHERN MINDANAO,2020
LANAO DEL NORTE,11,0,21/06/2020,REGION X-NORTHERN MINDANAO,2020
LANAO DEL NORTE,7,0,28/06/2020,REGION X-NORTHERN MINDANAO,2020
LANAO DEL NORTE,15,0,05/07/2020,REGION X-NORTHERN MINDANAO,2020
LANAO DEL NORTE,12,0,12/07/2020,REGION X-NORTHERN MINDANAO,2020
LANAO DEL NORTE,24,1,19/07/2020,REGION X-NORTHERN MINDANAO,2020
LANAO DEL NORTE,9,0,26/07/2020,REGION X-NORTHERN MINDANAO,2020
LANAO DEL NORTE,11,0,02/08/2020,REGION X-NORTHERN MINDANAO,2020
LANAO DEL NORTE,18,0,09/08/2020,REGION X-NORTHERN MINDANAO,2020
LANAO DEL NORTE,7,0,16/08/2020,REGION X-NORTHERN MINDANAO,2020
LANAO DEL NORTE,8,0,23/08/2020,REGION X-NORTHERN MINDANAO,2020
LANAO DEL NORTE,5,0,30/08/2020,REGION X-NORTHERN MINDANAO,2020
LANAO DEL NORTE,13,0,06/09/2020,REGION X-NORTHERN MINDANAO,2020
LANAO DEL NORTE,7,0,13/09/2020,REGION X-NORTHERN MINDANAO,2020
LANAO DEL NORTE,4,0,20/09/2020,REGION X-NORTHERN MINDANAO,2020
LANAO DEL NORTE,1,0,27/09/2020,REGION X-NORTHERN MINDANAO,2020
LANAO DEL NORTE,4,0,04/10/2020,REGION X-NORTHERN MINDANAO,2020
LANAO DEL NORTE,1,0,11/10/2020,REGION X-NORTHERN MINDANAO,2020
LANAO DEL NORTE,0,0,18/10/2020,REGION X-NORTHERN MINDANAO,2020
LANAO DEL NORTE,0,0,25/10/2020,REGION X-NORTHERN MINDANAO,2020
LANAO DEL NORTE,1,0,01/11/2020,REGION X-NORTHERN MINDANAO,2020
LANAO DEL NORTE,1,0,08/11/2020,REGION X-NORTHERN MINDANAO,2020
LANAO DEL NORTE,2,1,15/11/2020,REGION X-NORTHERN MINDANAO,2020
LANAO DEL NORTE,1,0,22/11/2020,REGION X-NORTHERN MINDANAO,2020
LANAO DEL NORTE,4,0,29/11/2020,REGION X-NORTHERN MINDANAO,2020
LANAO DEL NORTE,2,0,06/12/2020,REGION X-NORTHERN MINDANAO,2020
LANAO DEL NORTE,3,0,13/12/2020,REGION X-NORTHERN MINDANAO,2020
LANAO DEL NORTE,1,0,20/12/2020,REGION X-NORTHERN MINDANAO,2020
LANAO DEL NORTE,4,0,27/12/2020,REGION X-NORTHERN MINDANAO,2020
MISAMIS OCCIDENTAL,22,0,12/01/2020,REGION X-NORTHERN MINDANAO,2020
MISAMIS OCCIDENTAL,54,1,19/01/2020,REGION X-NORTHERN MINDANAO,2020
MISAMIS OCCIDENTAL,57,0,26/01/2020,REGION X-NORTHERN MINDANAO,2020
MISAMIS OCCIDENTAL,51,0,02/02/2020,REGION X-NORTHERN MINDANAO,2020
MISAMIS OCCIDENTAL,59,0,09/02/2020,REGION X-NORTHERN MINDANAO,2020
MISAMIS OCCIDENTAL,47,0,16/02/2020,REGION X-NORTHERN MINDANAO,2020
MISAMIS OCCIDENTAL,37,0,23/02/2020,REGION X-NORTHERN MINDANAO,2020
MISAMIS OCCIDENTAL,20,0,01/03/2020,REGION X-NORTHERN MINDANAO,2020
MISAMIS OCCIDENTAL,24,0,08/03/2020,REGION X-NORTHERN MINDANAO,2020
MISAMIS OCCIDENTAL,25,0,15/03/2020,REGION X-NORTHERN MINDANAO,2020
MISAMIS OCCIDENTAL,46,0,22/03/2020,REGION X-NORTHERN MINDANAO,2020
MISAMIS OCCIDENTAL,28,0,29/03/2020,REGION X-NORTHERN MINDANAO,2020
MISAMIS OCCIDENTAL,28,2,05/04/2020,REGION X-NORTHERN MINDANAO,2020
MISAMIS OCCIDENTAL,25,0,12/04/2020,REGION X-NORTHERN MINDANAO,2020
MISAMIS OCCIDENTAL,16,0,19/04/2020,REGION X-NORTHERN MINDANAO,2020
MISAMIS OCCIDENTAL,8,0,26/04/2020,REGION X-NORTHERN MINDANAO,2020
MISAMIS OCCIDENTAL,13,0,03/05/2020,REGION X-NORTHERN MINDANAO,2020
MISAMIS OCCIDENTAL,6,0,10/05/2020,REGION X-NORTHERN MINDANAO,2020
MISAMIS OCCIDENTAL,15,0,17/05/2020,REGION X-NORTHERN MINDANAO,2020
MISAMIS OCCIDENTAL,12,0,24/05/2020,REGION X-NORTHERN MINDANAO,2020
MISAMIS OCCIDENTAL,12,0,31/05/2020,REGION X-NORTHERN MINDANAO,2020
MISAMIS OCCIDENTAL,11,0,07/06/2020,REGION X-NORTHERN MINDANAO,2020
MISAMIS OCCIDENTAL,10,0,14/06/2020,REGION X-NORTHERN MINDANAO,2020
MISAMIS OCCIDENTAL,7,0,21/06/2020,REGION X-NORTHERN MINDANAO,2020
MISAMIS OCCIDENTAL,20,0,28/06/2020,REGION X-NORTHERN MINDANAO,2020
MISAMIS OCCIDENTAL,6,0,05/07/2020,REGION X-NORTHERN MINDANAO,2020
MISAMIS OCCIDENTAL,25,0,12/07/2020,REGION X-NORTHERN MINDANAO,2020
MISAMIS OCCIDENTAL,22,0,19/07/2020,REGION X-NORTHERN MINDANAO,2020
MISAMIS OCCIDENTAL,27,0,26/07/2020,REGION X-NORTHERN MINDANAO,2020
MISAMIS OCCIDENTAL,23,0,02/08/2020,REGION X-NORTHERN MINDANAO,2020
MISAMIS OCCIDENTAL,22,1,09/08/2020,REGION X-NORTHERN MINDANAO,2020
MISAMIS OCCIDENTAL,17,0,16/08/2020,REGION X-NORTHERN MINDANAO,2020
MISAMIS OCCIDENTAL,23,0,23/08/2020,REGION X-NORTHERN MINDANAO,2020
MISAMIS OCCIDENTAL,14,1,30/08/2020,REGION X-NORTHERN MINDANAO,2020
MISAMIS OCCIDENTAL,20,0,06/09/2020,REGION X-NORTHERN MINDANAO,2020
MISAMIS OCCIDENTAL,12,0,13/09/2020,REGION X-NORTHERN MINDANAO,2020
MISAMIS OCCIDENTAL,18,1,20/09/2020,REGION X-NORTHERN MINDANAO,2020
MISAMIS OCCIDENTAL,28,0,27/09/2020,REGION X-NORTHERN MINDANAO,2020
MISAMIS OCCIDENTAL,14,1,04/10/2020,REGION X-NORTHERN MINDANAO,2020
MISAMIS OCCIDENTAL,22,1,11/10/2020,REGION X-NORTHERN MINDANAO,2020
MISAMIS OCCIDENTAL,11,0,18/10/2020,REGION X-NORTHERN MINDANAO,2020
MISAMIS OCCIDENTAL,13,2,25/10/2020,REGION X-NORTHERN MINDANAO,2020
MISAMIS OCCIDENTAL,18,0,01/11/2020,REGION X-NORTHERN MINDANAO,2020
MISAMIS OCCIDENTAL,10,0,08/11/2020,REGION X-NORTHERN MINDANAO,2020
MISAMIS OCCIDENTAL,5,0,15/11/2020,REGION X-NORTHERN MINDANAO,2020
MISAMIS OCCIDENTAL,13,0,22/11/2020,REGION X-NORTHERN MINDANAO,2020
MISAMIS OCCIDENTAL,15,0,29/11/2020,REGION X-NORTHERN MINDANAO,2020
MISAMIS OCCIDENTAL,10,0,06/12/2020,REGION X-NORTHERN MINDANAO,2020
MISAMIS OCCIDENTAL,20,0,13/12/2020,REGION X-NORTHERN MINDANAO,2020
MISAMIS OCCIDENTAL,11,0,20/12/2020,REGION X-NORTHERN MINDANAO,2020
MISAMIS OCCIDENTAL,9,0,27/12/2020,REGION X-NORTHERN MINDANAO,2020
MISAMIS ORIENTAL,38,0,12/01/2020,REGION X-NORTHERN MINDANAO,2020
MISAMIS ORIENTAL,84,2,19/01/2020,REGION X-NORTHERN MINDANAO,2020
MISAMIS ORIENTAL,69,0,26/01/2020,REGION X-NORTHERN MINDANAO,2020
MISAMIS ORIENTAL,60,0,02/02/2020,REGION X-NORTHERN MINDANAO,2020
MISAMIS ORIENTAL,62,0,09/02/2020,REGION X-NORTHERN MINDANAO,2020
MISAMIS ORIENTAL,48,0,16/02/2020,REGION X-NORTHERN MINDANAO,2020
MISAMIS ORIENTAL,69,0,23/02/2020,REGION X-NORTHERN MINDANAO,2020
MISAMIS ORIENTAL,51,0,01/03/2020,REGION X-NORTHERN MINDANAO,2020
MISAMIS ORIENTAL,41,0,08/03/2020,REGION X-NORTHERN MINDANAO,2020
MISAMIS ORIENTAL,57,1,15/03/2020,REGION X-NORTHERN MINDANAO,2020
MISAMIS ORIENTAL,59,0,22/03/2020,REGION X-NORTHERN MINDANAO,2020
MISAMIS ORIENTAL,37,0,29/03/2020,REGION X-NORTHERN MINDANAO,2020
MISAMIS ORIENTAL,21,0,05/04/2020,REGION X-NORTHERN MINDANAO,2020
MISAMIS ORIENTAL,16,0,12/04/2020,REGION X-NORTHERN MINDANAO,2020
MISAMIS ORIENTAL,18,0,19/04/2020,REGION X-NORTHERN MINDANAO,2020
MISAMIS ORIENTAL,10,0,26/04/2020,REGION X-NORTHERN MINDANAO,2020
MISAMIS ORIENTAL,14,0,03/05/2020,REGION X-NORTHERN MINDANAO,2020
MISAMIS ORIENTAL,9,0,10/05/2020,REGION X-NORTHERN MINDANAO,2020
MISAMIS ORIENTAL,9,0,17/05/2020,REGION X-NORTHERN MINDANAO,2020
MISAMIS ORIENTAL,13,0,24/05/2020,REGION X-NORTHERN MINDANAO,2020
MISAMIS ORIENTAL,6,0,31/05/2020,REGION X-NORTHERN MINDANAO,2020
MISAMIS ORIENTAL,12,0,07/06/2020,REGION X-NORTHERN MINDANAO,2020
MISAMIS ORIENTAL,16,0,14/06/2020,REGION X-NORTHERN MINDANAO,2020
MISAMIS ORIENTAL,12,0,21/06/2020,REGION X-NORTHERN MINDANAO,2020
MISAMIS ORIENTAL,14,0,28/06/2020,REGION X-NORTHERN MINDANAO,2020
MISAMIS ORIENTAL,11,0,05/07/2020,REGION X-NORTHERN MINDANAO,2020
MISAMIS ORIENTAL,19,0,12/07/2020,REGION X-NORTHERN MINDANAO,2020
MISAMIS ORIENTAL,14,0,19/07/2020,REGION X-NORTHERN MINDANAO,2020
MISAMIS ORIENTAL,15,1,26/07/2020,REGION X-NORTHERN MINDANAO,2020
MISAMIS ORIENTAL,17,0,02/08/2020,REGION X-NORTHERN MINDANAO,2020
MISAMIS ORIENTAL,32,0,09/08/2020,REGION X-NORTHERN MINDANAO,2020
MISAMIS ORIENTAL,24,1,16/08/2020,REGION X-NORTHERN MINDANAO,2020
MISAMIS ORIENTAL,32,0,23/08/2020,REGION X-NORTHERN MINDANAO,2020
MISAMIS ORIENTAL,33,0,30/08/2020,REGION X-NORTHERN MINDANAO,2020
MISAMIS ORIENTAL,23,0,06/09/2020,REGION X-NORTHERN MINDANAO,2020
MISAMIS ORIENTAL,18,0,13/09/2020,REGION X-NORTHERN MINDANAO,2020
MISAMIS ORIENTAL,31,0,20/09/2020,REGION X-NORTHERN MINDANAO,2020
MISAMIS ORIENTAL,21,1,27/09/2020,REGION X-NORTHERN MINDANAO,2020
MISAMIS ORIENTAL,11,0,04/10/2020,REGION X-NORTHERN MINDANAO,2020
MISAMIS ORIENTAL,14,0,11/10/2020,REGION X-NORTHERN MINDANAO,2020
MISAMIS ORIENTAL,10,0,18/10/2020,REGION X-NORTHERN MINDANAO,2020
MISAMIS ORIENTAL,14,0,25/10/2020,REGION X-NORTHERN MINDANAO,2020
MISAMIS ORIENTAL,7,0,01/11/2020,REGION X-NORTHERN MINDANAO,2020
MISAMIS ORIENTAL,13,0,08/11/2020,REGION X-NORTHERN MINDANAO,2020
MISAMIS ORIENTAL,16,0,15/11/2020,REGION X-NORTHERN MINDANAO,2020
MISAMIS ORIENTAL,13,0,22/11/2020,REGION X-NORTHERN MINDANAO,2020
MISAMIS ORIENTAL,11,0,29/11/2020,REGION X-NORTHERN MINDANAO,2020
MISAMIS ORIENTAL,18,0,06/12/2020,REGION X-NORTHERN MINDANAO,2020
MISAMIS ORIENTAL,16,0,13/12/2020,REGION X-NORTHERN MINDANAO,2020
MISAMIS ORIENTAL,25,0,20/12/2020,REGION X-NORTHERN MINDANAO,2020
MISAMIS ORIENTAL,14,0,27/12/2020,REGION X-NORTHERN MINDANAO,2020
DAVAO CITY,9,0,12/01/2020,REGION XI-DAVAO REGION,2020
DAVAO CITY,55,2,19/01/2020,REGION XI-DAVAO REGION,2020
DAVAO CITY,53,0,26/01/2020,REGION XI-DAVAO REGION,2020
DAVAO CITY,48,0,02/02/2020,REGION XI-DAVAO REGION,2020
DAVAO CITY,38,0,09/02/2020,REGION XI-DAVAO REGION,2020
DAVAO CITY,30,0,16/02/2020,REGION XI-DAVAO REGION,2020
DAVAO CITY,31,0,23/02/2020,REGION XI-DAVAO REGION,2020
DAVAO CITY,38,0,01/03/2020,REGION XI-DAVAO REGION,2020
DAVAO CITY,51,0,08/03/2020,REGION XI-DAVAO REGION,2020
DAVAO CITY,35,0,15/03/2020,REGION XI-DAVAO REGION,2020
DAVAO CITY,36,0,22/03/2020,REGION XI-DAVAO REGION,2020
DAVAO CITY,16,1,29/03/2020,REGION XI-DAVAO REGION,2020
DAVAO CITY,11,0,05/04/2020,REGION XI-DAVAO REGION,2020
DAVAO CITY,10,0,12/04/2020,REGION XI-DAVAO REGION,2020
DAVAO CITY,5,0,19/04/2020,REGION XI-DAVAO REGION,2020
DAVAO CITY,10,0,26/04/2020,REGION XI-DAVAO REGION,2020
DAVAO CITY,5,0,03/05/2020,REGION XI-DAVAO REGION,2020
DAVAO CITY,4,0,10/05/2020,REGION XI-DAVAO REGION,2020
DAVAO CITY,7,0,17/05/2020,REGION XI-DAVAO REGION,2020
DAVAO CITY,9,0,24/05/2020,REGION XI-DAVAO REGION,2020
DAVAO CITY,7,0,31/05/2020,REGION XI-DAVAO REGION,2020
DAVAO CITY,7,0,07/06/2020,REGION XI-DAVAO REGION,2020
DAVAO CITY,8,0,14/06/2020,REGION XI-DAVAO REGION,2020
DAVAO CITY,8,0,21/06/2020,REGION XI-DAVAO REGION,2020
DAVAO CITY,12,0,28/06/2020,REGION XI-DAVAO REGION,2020
DAVAO CITY,17,0,05/07/2020,REGION XI-DAVAO REGION,2020
DAVAO CITY,12,0,12/07/2020,REGION XI-DAVAO REGION,2020
DAVAO CITY,33,0,19/07/2020,REGION XI-DAVAO REGION,2020
DAVAO CITY,25,1,26/07/2020,REGION XI-DAVAO REGION,2020
DAVAO CITY,24,0,02/08/2020,REGION XI-DAVAO REGION,2020
DAVAO CITY,24,0,09/08/2020,REGION XI-DAVAO REGION,2020
DAVAO CITY,30,0,16/08/2020,REGION XI-DAVAO REGION,2020
DAVAO CITY,28,1,23/08/2020,REGION XI-DAVAO REGION,2020
DAVAO CITY,25,0,30/08/2020,REGION XI-DAVAO REGION,2020
DAVAO CITY,21,0,06/09/2020,REGION XI-DAVAO REGION,2020
DAVAO CITY,22,2,13/09/2020,REGION XI-DAVAO REGION,2020
DAVAO CITY,32,0,20/09/2020,REGION XI-DAVAO REGION,2020
DAVAO CITY,26,0,27/09/2020,REGION XI-DAVAO REGION,2020
DAVAO CITY,21,1,04/10/2020,REGION XI-DAVAO REGION,2020
DAVAO CITY,25,0,11/10/2020,REGION XI-DAVAO REGION,2020
DAVAO CITY,13,0,18/10/2020,REGION XI-DAVAO REGION,2020
DAVAO CITY,8,0,25/10/2020,REGION XI-DAVAO REGION,2020
DAVAO CITY,19,0,01/11/2020,REGION XI-DAVAO REGION,2020
DAVAO CITY,12,0,08/11/2020,REGION XI-DAVAO REGION,2020
DAVAO CITY,17,0,15/11/2020,REGION XI-DAVAO REGION,2020
DAVAO CITY,25,0,22/11/2020,REGION XI-DAVAO REGION,2020
DAVAO CITY,19,0,29/11/2020,REGION XI-DAVAO REGION,2020
DAVAO CITY,18,0,06/12/2020,REGION XI-DAVAO REGION,2020
DAVAO CITY,13,0,13/12/2020,REGION XI-DAVAO REGION,2020
DAVAO CITY,17,0,20/12/2020,REGION XI-DAVAO REGION,2020
DAVAO CITY,21,0,27/12/2020,REGION XI-DAVAO REGION,2020
DAVAO DE ORO,6,0,12/01/2020,REGION XI-DAVAO REGION,2020
DAVAO DE ORO,11,0,19/01/2020,REGION XI-DAVAO REGION,2020
DAVAO DE ORO,22,0,26/01/2020,REGION XI-DAVAO REGION,2020
DAVAO DE ORO,10,0,02/02/2020,REGION XI-DAVAO REGION,2020
DAVAO DE ORO,12,0,09/02/2020,REGION XI-DAVAO REGION,2020
DAVAO DE ORO,10,0,16/02/2020,REGION XI-DAVAO REGION,2020
DAVAO DE ORO,14,0,23/02/2020,REGION XI-DAVAO REGION,2020
DAVAO DE ORO,12,0,01/03/2020,REGION XI-DAVAO REGION,2020
DAVAO DE ORO,17,0,08/03/2020,REGION XI-DAVAO REGION,2020
DAVAO DE ORO,10,0,15/03/2020,REGION XI-DAVAO REGION,2020
DAVAO DE ORO,14,0,22/03/2020,REGION XI-DAVAO REGION,2020
DAVAO DE ORO,4,0,29/03/2020,REGION XI-DAVAO REGION,2020
DAVAO DE ORO,4,0,05/04/2020,REGION XI-DAVAO REGION,2020
DAVAO DE ORO,0,0,12/04/2020,REGION XI-DAVAO REGION,2020
DAVAO DE ORO,7,0,19/04/2020,REGION XI-DAVAO REGION,2020
DAVAO DE ORO,2,0,26/04/2020,REGION XI-DAVAO REGION,2020
DAVAO DE ORO,0,0,03/05/2020,REGION XI-DAVAO REGION,2020
DAVAO DE ORO,3,0,10/05/2020,REGION XI-DAVAO REGION,2020
DAVAO DE ORO,10,0,17/05/2020,REGION XI-DAVAO REGION,2020
DAVAO DE ORO,8,0,24/05/2020,REGION XI-DAVAO REGION,2020
DAVAO DE ORO,5,0,31/05/2020,REGION XI-DAVAO REGION,2020
DAVAO DE ORO,1,0,07/06/2020,REGION XI-DAVAO REGION,2020
DAVAO DE ORO,0,0,14/06/2020,REGION XI-DAVAO REGION,2020
DAVAO DE ORO,0,0,21/06/2020,REGION XI-DAVAO REGION,2020
DAVAO DE ORO,1,0,28/06/2020,REGION XI-DAVAO REGION,2020
DAVAO DE ORO,2,0,05/07/2020,REGION XI-DAVAO REGION,2020
DAVAO DE ORO,4,0,12/07/2020,REGION XI-DAVAO REGION,2020
DAVAO DE ORO,5,0,19/07/2020,REGION XI-DAVAO REGION,2020
DAVAO DE ORO,0,0,26/07/2020,REGION XI-DAVAO REGION,2020
DAVAO DE ORO,2,0,02/08/2020,REGION XI-DAVAO REGION,2020
DAVAO DE ORO,1,0,09/08/2020,REGION XI-DAVAO REGION,2020
DAVAO DE ORO,2,0,16/08/2020,REGION XI-DAVAO REGION,2020
DAVAO DE ORO,4,0,23/08/2020,REGION XI-DAVAO REGION,2020
DAVAO DE ORO,5,0,30/08/2020,REGION XI-DAVAO REGION,2020
DAVAO DE ORO,4,0,06/09/2020,REGION XI-DAVAO REGION,2020
DAVAO DE ORO,5,0,13/09/2020,REGION XI-DAVAO REGION,2020
DAVAO DE ORO,2,0,20/09/2020,REGION XI-DAVAO REGION,2020
DAVAO DE ORO,4,0,27/09/2020,REGION XI-DAVAO REGION,2020
DAVAO DE ORO,3,0,04/10/2020,REGION XI-DAVAO REGION,2020
DAVAO DE ORO,5,0,11/10/2020,REGION XI-DAVAO REGION,2020
DAVAO DE ORO,13,0,18/10/2020,REGION XI-DAVAO REGION,2020
DAVAO DE ORO,4,0,25/10/2020,REGION XI-DAVAO REGION,2020
DAVAO DE ORO,5,0,01/11/2020,REGION XI-DAVAO REGION,2020
DAVAO DE ORO,7,0,08/11/2020,REGION XI-DAVAO REGION,2020
DAVAO DE ORO,6,0,15/11/2020,REGION XI-DAVAO REGION,2020
DAVAO DE ORO,7,0,22/11/2020,REGION XI-DAVAO REGION,2020
DAVAO DE ORO,4,0,29/11/2020,REGION XI-DAVAO REGION,2020
DAVAO DE ORO,6,0,06/12/2020,REGION XI-DAVAO REGION,2020
DAVAO DE ORO,9,0,13/12/2020,REGION XI-DAVAO REGION,2020
DAVAO DE ORO,5,0,20/12/2020,REGION XI-DAVAO REGION,2020
DAVAO DE ORO,5,0,27/12/2020,REGION XI-DAVAO REGION,2020
DAVAO DEL NORTE,0,0,12/01/2020,REGION XI-DAVAO REGION,2020
DAVAO DEL NORTE,22,0,19/01/2020,REGION XI-DAVAO REGION,2020
DAVAO DEL NORTE,16,0,26/01/2020,REGION XI-DAVAO REGION,2020
DAVAO DEL NORTE,15,0,02/02/2020,REGION XI-DAVAO REGION,2020
DAVAO DEL NORTE,8,0,09/02/2020,REGION XI-DAVAO REGION,2020
DAVAO DEL NORTE,15,0,16/02/2020,REGION XI-DAVAO REGION,2020
DAVAO DEL NORTE,14,0,23/02/2020,REGION XI-DAVAO REGION,2020
DAVAO DEL NORTE,13,0,01/03/2020,REGION XI-DAVAO REGION,2020
DAVAO DEL NORTE,9,0,08/03/2020,REGION XI-DAVAO REGION,2020
DAVAO DEL NORTE,11,0,15/03/2020,REGION XI-DAVAO REGION,2020
DAVAO DEL NORTE,16,0,22/03/2020,REGION XI-DAVAO REGION,2020
DAVAO DEL NORTE,4,0,29/03/2020,REGION XI-DAVAO REGION,2020
DAVAO DEL NORTE,1,0,05/04/2020,REGION XI-DAVAO REGION,2020
DAVAO DEL NORTE,2,0,12/04/2020,REGION XI-DAVAO REGION,2020
DAVAO DEL NORTE,3,0,19/04/2020,REGION XI-DAVAO REGION,2020
DAVAO DEL NORTE,2,0,26/04/2020,REGION XI-DAVAO REGION,2020
DAVAO DEL NORTE,0,0,03/05/2020,REGION XI-DAVAO REGION,2020
DAVAO DEL NORTE,0,0,10/05/2020,REGION XI-DAVAO REGION,2020
DAVAO DEL NORTE,0,0,17/05/2020,REGION XI-DAVAO REGION,2020
DAVAO DEL NORTE,0,0,24/05/2020,REGION XI-DAVAO REGION,2020
DAVAO DEL NORTE,2,0,31/05/2020,REGION XI-DAVAO REGION,2020
DAVAO DEL NORTE,1,0,07/06/2020,REGION XI-DAVAO REGION,2020
DAVAO DEL NORTE,2,0,14/06/2020,REGION XI-DAVAO REGION,2020
DAVAO DEL NORTE,7,0,21/06/2020,REGION XI-DAVAO REGION,2020
DAVAO DEL NORTE,1,0,28/06/2020,REGION XI-DAVAO REGION,2020
DAVAO DEL NORTE,2,0,05/07/2020,REGION XI-DAVAO REGION,2020
DAVAO DEL NORTE,1,0,12/07/2020,REGION XI-DAVAO REGION,2020
DAVAO DEL NORTE,3,0,19/07/2020,REGION XI-DAVAO REGION,2020
DAVAO DEL NORTE,2,1,26/07/2020,REGION XI-DAVAO REGION,2020
DAVAO DEL NORTE,3,0,02/08/2020,REGION XI-DAVAO REGION,2020
DAVAO DEL NORTE,4,0,09/08/2020,REGION XI-DAVAO REGION,2020
DAVAO DEL NORTE,4,1,16/08/2020,REGION XI-DAVAO REGION,2020
DAVAO DEL NORTE,1,0,23/08/2020,REGION XI-DAVAO REGION,2020
DAVAO DEL NORTE,5,0,30/08/2020,REGION XI-DAVAO REGION,2020
DAVAO DEL NORTE,0,0,06/09/2020,REGION XI-DAVAO REGION,2020
DAVAO DEL NORTE,1,0,13/09/2020,REGION XI-DAVAO REGION,2020
DAVAO DEL NORTE,2,0,20/09/2020,REGION XI-DAVAO REGION,2020
DAVAO DEL NORTE,2,0,27/09/2020,REGION XI-DAVAO REGION,2020
DAVAO DEL NORTE,2,0,04/10/2020,REGION XI-DAVAO REGION,2020
DAVAO DEL NORTE,3,0,11/10/2020,REGION XI-DAVAO REGION,2020
DAVAO DEL NORTE,0,0,18/10/2020,REGION XI-DAVAO REGION,2020
DAVAO DEL NORTE,3,0,25/10/2020,REGION XI-DAVAO REGION,2020
DAVAO DEL NORTE,1,0,01/11/2020,REGION XI-DAVAO REGION,2020
DAVAO DEL NORTE,2,0,08/11/2020,REGION XI-DAVAO REGION,2020
DAVAO DEL NORTE,0,0,15/11/2020,REGION XI-DAVAO REGION,2020
DAVAO DEL NORTE,3,0,22/11/2020,REGION XI-DAVAO REGION,2020
DAVAO DEL NORTE,3,0,29/11/2020,REGION XI-DAVAO REGION,2020
DAVAO DEL NORTE,4,0,06/12/2020,REGION XI-DAVAO REGION,2020
DAVAO DEL NORTE,1,0,13/12/2020,REGION XI-DAVAO REGION,2020
DAVAO DEL NORTE,2,0,20/12/2020,REGION XI-DAVAO REGION,2020
DAVAO DEL NORTE,3,0,27/12/2020,REGION XI-DAVAO REGION,2020
DAVAO DEL SUR,0,0,12/01/2020,REGION XI-DAVAO REGION,2020
DAVAO DEL SUR,5,0,19/01/2020,REGION XI-DAVAO REGION,2020
DAVAO DEL SUR,1,0,26/01/2020,REGION XI-DAVAO REGION,2020
DAVAO DEL SUR,3,0,02/02/2020,REGION XI-DAVAO REGION,2020
DAVAO DEL SUR,3,0,09/02/2020,REGION XI-DAVAO REGION,2020
DAVAO DEL SUR,6,0,16/02/2020,REGION XI-DAVAO REGION,2020
DAVAO DEL SUR,2,0,23/02/2020,REGION XI-DAVAO REGION,2020
DAVAO DEL SUR,4,0,01/03/2020,REGION XI-DAVAO REGION,2020
DAVAO DEL SUR,3,0,08/03/2020,REGION XI-DAVAO REGION,2020
DAVAO DEL SUR,2,0,15/03/2020,REGION XI-DAVAO REGION,2020
DAVAO DEL SUR,2,1,22/03/2020,REGION XI-DAVAO REGION,2020
DAVAO DEL SUR,3,0,29/03/2020,REGION XI-DAVAO REGION,2020
DAVAO DEL SUR,2,0,05/04/2020,REGION XI-DAVAO REGION,2020
DAVAO DEL SUR,4,0,12/04/2020,REGION XI-DAVAO REGION,2020
DAVAO DEL SUR,3,0,19/04/2020,REGION XI-DAVAO REGION,2020
DAVAO DEL SUR,4,0,26/04/2020,REGION XI-DAVAO REGION,2020
DAVAO DEL SUR,2,0,03/05/2020,REGION XI-DAVAO REGION,2020
DAVAO DEL SUR,0,0,10/05/2020,REGION XI-DAVAO REGION,2020
DAVAO DEL SUR,2,0,17/05/2020,REGION XI-DAVAO REGION,2020
DAVAO DEL SUR,1,0,24/05/2020,REGION XI-DAVAO REGION,2020
DAVAO DEL SUR,1,0,31/05/2020,REGION XI-DAVAO REGION,2020
DAVAO DEL SUR,0,0,07/06/2020,REGION XI-DAVAO REGION,2020
DAVAO DEL SUR,0,0,14/06/2020,REGION XI-DAVAO REGION,2020
DAVAO DEL SUR,0,0,21/06/2020,REGION XI-DAVAO REGION,2020
DAVAO DEL SUR,1,0,28/06/2020,REGION XI-DAVAO REGION,2020
DAVAO DEL SUR,1,0,05/07/2020,REGION XI-DAVAO REGION,2020
DAVAO DEL SUR,3,0,12/07/2020,REGION XI-DAVAO REGION,2020
DAVAO DEL SUR,0,0,19/07/2020,REGION XI-DAVAO REGION,2020
DAVAO DEL SUR,3,0,26/07/2020,REGION XI-DAVAO REGION,2020
DAVAO DEL SUR,3,0,02/08/2020,REGION XI-DAVAO REGION,2020
DAVAO DEL SUR,2,0,09/08/2020,REGION XI-DAVAO REGION,2020
DAVAO DEL SUR,1,0,16/08/2020,REGION XI-DAVAO REGION,2020
DAVAO DEL SUR,2,1,23/08/2020,REGION XI-DAVAO REGION,2020
DAVAO DEL SUR,5,0,30/08/2020,REGION XI-DAVAO REGION,2020
DAVAO DEL SUR,0,0,06/09/2020,REGION XI-DAVAO REGION,2020
DAVAO DEL SUR,5,0,13/09/2020,REGION XI-DAVAO REGION,2020
DAVAO DEL SUR,0,0,20/09/2020,REGION XI-DAVAO REGION,2020
DAVAO DEL SUR,2,0,27/09/2020,REGION XI-DAVAO REGION,2020
DAVAO DEL SUR,2,0,04/10/2020,REGION XI-DAVAO REGION,2020
DAVAO DEL SUR,0,0,11/10/2020,REGION XI-DAVAO REGION,2020
DAVAO DEL SUR,0,0,18/10/2020,REGION XI-DAVAO REGION,2020
DAVAO DEL SUR,2,0,25/10/2020,REGION XI-DAVAO REGION,2020
DAVAO DEL SUR,0,0,01/11/2020,REGION XI-DAVAO REGION,2020
DAVAO DEL SUR,2,0,08/11/2020,REGION XI-DAVAO REGION,2020
DAVAO DEL SUR,0,0,15/11/2020,REGION XI-DAVAO REGION,2020
DAVAO DEL SUR,0,0,22/11/2020,REGION XI-DAVAO REGION,2020
DAVAO DEL SUR,1,0,29/11/2020,REGION XI-DAVAO REGION,2020
DAVAO DEL SUR,0,0,06/12/2020,REGION XI-DAVAO REGION,2020
DAVAO DEL SUR,1,0,13/12/2020,REGION XI-DAVAO REGION,2020
DAVAO DEL SUR,1,0,20/12/2020,REGION XI-DAVAO REGION,2020
DAVAO DEL SUR,2,0,27/12/2020,REGION XI-DAVAO REGION,2020
DAVAO OCCIDENTAL,0,0,12/01/2020,REGION XI-DAVAO REGION,2020
DAVAO OCCIDENTAL,1,0,19/01/2020,REGION XI-DAVAO REGION,2020
DAVAO OCCIDENTAL,0,0,26/01/2020,REGION XI-DAVAO REGION,2020
DAVAO OCCIDENTAL,1,0,02/02/2020,REGION XI-DAVAO REGION,2020
DAVAO OCCIDENTAL,0,0,09/02/2020,REGION XI-DAVAO REGION,2020
DAVAO OCCIDENTAL,0,0,16/02/2020,REGION XI-DAVAO REGION,2020
DAVAO OCCIDENTAL,2,0,23/02/2020,REGION XI-DAVAO REGION,2020
DAVAO OCCIDENTAL,0,0,01/03/2020,REGION XI-DAVAO REGION,2020
DAVAO OCCIDENTAL,0,0,08/03/2020,REGION XI-DAVAO REGION,2020
DAVAO OCCIDENTAL,1,0,15/03/2020,REGION XI-DAVAO REGION,2020
DAVAO OCCIDENTAL,2,0,22/03/2020,REGION XI-DAVAO REGION,2020
DAVAO OCCIDENTAL,1,0,29/03/2020,REGION XI-DAVAO REGION,2020
DAVAO OCCIDENTAL,0,0,05/04/2020,REGION XI-DAVAO REGION,2020
DAVAO OCCIDENTAL,1,0,12/04/2020,REGION XI-DAVAO REGION,2020
DAVAO OCCIDENTAL,0,0,19/04/2020,REGION XI-DAVAO REGION,2020
DAVAO OCCIDENTAL,0,0,26/04/2020,REGION XI-DAVAO REGION,2020
DAVAO OCCIDENTAL,0,0,03/05/2020,REGION XI-DAVAO REGION,2020
DAVAO OCCIDENTAL,0,0,10/05/2020,REGION XI-DAVAO REGION,2020
DAVAO OCCIDENTAL,0,0,17/05/2020,REGION XI-DAVAO REGION,2020
DAVAO OCCIDENTAL,0,0,24/05/2020,REGION XI-DAVAO REGION,2020
DAVAO OCCIDENTAL,0,0,31/05/2020,REGION XI-DAVAO REGION,2020
DAVAO OCCIDENTAL,0,0,07/06/2020,REGION XI-DAVAO REGION,2020
DAVAO OCCIDENTAL,0,0,14/06/2020,REGION XI-DAVAO REGION,2020
DAVAO OCCIDENTAL,0,0,21/06/2020,REGION XI-DAVAO REGION,2020
DAVAO OCCIDENTAL,0,0,28/06/2020,REGION XI-DAVAO REGION,2020
DAVAO OCCIDENTAL,0,0,05/07/2020,REGION XI-DAVAO REGION,2020
DAVAO OCCIDENTAL,0,0,12/07/2020,REGION XI-DAVAO REGION,2020
DAVAO OCCIDENTAL,2,0,19/07/2020,REGION XI-DAVAO REGION,2020
DAVAO OCCIDENTAL,0,0,26/07/2020,REGION XI-DAVAO REGION,2020
DAVAO OCCIDENTAL,0,0,02/08/2020,REGION XI-DAVAO REGION,2020
DAVAO OCCIDENTAL,0,0,09/08/2020,REGION XI-DAVAO REGION,2020
DAVAO OCCIDENTAL,1,0,16/08/2020,REGION XI-DAVAO REGION,2020
DAVAO OCCIDENTAL,0,0,23/08/2020,REGION XI-DAVAO REGION,2020
DAVAO OCCIDENTAL,2,0,30/08/2020,REGION XI-DAVAO REGION,2020
DAVAO OCCIDENTAL,1,0,06/09/2020,REGION XI-DAVAO REGION,2020
DAVAO OCCIDENTAL,0,0,13/09/2020,REGION XI-DAVAO REGION,2020
DAVAO OCCIDENTAL,2,0,20/09/2020,REGION XI-DAVAO REGION,2020
DAVAO OCCIDENTAL,3,0,27/09/2020,REGION XI-DAVAO REGION,2020
DAVAO OCCIDENTAL,0,0,04/10/2020,REGION XI-DAVAO REGION,2020
DAVAO OCCIDENTAL,0,0,11/10/2020,REGION XI-DAVAO REGION,2020
DAVAO OCCIDENTAL,0,0,18/10/2020,REGION XI-DAVAO REGION,2020
DAVAO OCCIDENTAL,0,0,25/10/2020,REGION XI-DAVAO REGION,2020
DAVAO OCCIDENTAL,0,0,01/11/2020,REGION XI-DAVAO REGION,2020
DAVAO OCCIDENTAL,0,0,08/11/2020,REGION XI-DAVAO REGION,2020
DAVAO OCCIDENTAL,0,0,15/11/2020,REGION XI-DAVAO REGION,2020
DAVAO OCCIDENTAL,0,0,22/11/2020,REGION XI-DAVAO REGION,2020
DAVAO OCCIDENTAL,1,0,29/11/2020,REGION XI-DAVAO REGION,2020
DAVAO OCCIDENTAL,0,0,06/12/2020,REGION XI-DAVAO REGION,2020
DAVAO OCCIDENTAL,9,0,13/12/2020,REGION XI-DAVAO REGION,2020
DAVAO OCCIDENTAL,0,0,20/12/2020,REGION XI-DAVAO REGION,2020
DAVAO OCCIDENTAL,0,0,27/12/2020,REGION XI-DAVAO REGION,2020
DAVAO ORIENTAL,0,0,12/01/2020,REGION XI-DAVAO REGION,2020
DAVAO ORIENTAL,8,0,19/01/2020,REGION XI-DAVAO REGION,2020
DAVAO ORIENTAL,8,0,26/01/2020,REGION XI-DAVAO REGION,2020
DAVAO ORIENTAL,5,0,02/02/2020,REGION XI-DAVAO REGION,2020
DAVAO ORIENTAL,13,0,09/02/2020,REGION XI-DAVAO REGION,2020
DAVAO ORIENTAL,14,0,16/02/2020,REGION XI-DAVAO REGION,2020
DAVAO ORIENTAL,18,0,23/02/2020,REGION XI-DAVAO REGION,2020
DAVAO ORIENTAL,18,0,01/03/2020,REGION XI-DAVAO REGION,2020
DAVAO ORIENTAL,8,1,08/03/2020,REGION XI-DAVAO REGION,2020
DAVAO ORIENTAL,7,0,15/03/2020,REGION XI-DAVAO REGION,2020
DAVAO ORIENTAL,11,0,22/03/2020,REGION XI-DAVAO REGION,2020
DAVAO ORIENTAL,4,0,29/03/2020,REGION XI-DAVAO REGION,2020
DAVAO ORIENTAL,0,0,05/04/2020,REGION XI-DAVAO REGION,2020
DAVAO ORIENTAL,5,0,12/04/2020,REGION XI-DAVAO REGION,2020
DAVAO ORIENTAL,2,0,19/04/2020,REGION XI-DAVAO REGION,2020
DAVAO ORIENTAL,2,0,26/04/2020,REGION XI-DAVAO REGION,2020
DAVAO ORIENTAL,3,0,03/05/2020,REGION XI-DAVAO REGION,2020
DAVAO ORIENTAL,1,0,10/05/2020,REGION XI-DAVAO REGION,2020
DAVAO ORIENTAL,0,0,17/05/2020,REGION XI-DAVAO REGION,2020
DAVAO ORIENTAL,0,0,24/05/2020,REGION XI-DAVAO REGION,2020
DAVAO ORIENTAL,0,0,31/05/2020,REGION XI-DAVAO REGION,2020
DAVAO ORIENTAL,0,0,07/06/2020,REGION XI-DAVAO REGION,2020
DAVAO ORIENTAL,0,0,14/06/2020,REGION XI-DAVAO REGION,2020
DAVAO ORIENTAL,1,0,21/06/2020,REGION XI-DAVAO REGION,2020
DAVAO ORIENTAL,1,0,28/06/2020,REGION XI-DAVAO REGION,2020
DAVAO ORIENTAL,4,0,05/07/2020,REGION XI-DAVAO REGION,2020
DAVAO ORIENTAL,1,0,12/07/2020,REGION XI-DAVAO REGION,2020
DAVAO ORIENTAL,4,0,19/07/2020,REGION XI-DAVAO REGION,2020
DAVAO ORIENTAL,2,0,26/07/2020,REGION XI-DAVAO REGION,2020
DAVAO ORIENTAL,0,0,02/08/2020,REGION XI-DAVAO REGION,2020
DAVAO ORIENTAL,2,0,09/08/2020,REGION XI-DAVAO REGION,2020
DAVAO ORIENTAL,2,0,16/08/2020,REGION XI-DAVAO REGION,2020
DAVAO ORIENTAL,3,0,23/08/2020,REGION XI-DAVAO REGION,2020
DAVAO ORIENTAL,0,0,30/08/2020,REGION XI-DAVAO REGION,2020
DAVAO ORIENTAL,7,0,06/09/2020,REGION XI-DAVAO REGION,2020
DAVAO ORIENTAL,2,0,13/09/2020,REGION XI-DAVAO REGION,2020
DAVAO ORIENTAL,3,0,20/09/2020,REGION XI-DAVAO REGION,2020
DAVAO ORIENTAL,0,0,27/09/2020,REGION XI-DAVAO REGION,2020
DAVAO ORIENTAL,0,0,04/10/2020,REGION XI-DAVAO REGION,2020
DAVAO ORIENTAL,4,0,11/10/2020,REGION XI-DAVAO REGION,2020
DAVAO ORIENTAL,4,0,18/10/2020,REGION XI-DAVAO REGION,2020
DAVAO ORIENTAL,1,0,25/10/2020,REGION XI-DAVAO REGION,2020
DAVAO ORIENTAL,3,0,01/11/2020,REGION XI-DAVAO REGION,2020
DAVAO ORIENTAL,4,0,08/11/2020,REGION XI-DAVAO REGION,2020
DAVAO ORIENTAL,6,0,15/11/2020,REGION XI-DAVAO REGION,2020
DAVAO ORIENTAL,4,0,22/11/2020,REGION XI-DAVAO REGION,2020
DAVAO ORIENTAL,3,0,29/11/2020,REGION XI-DAVAO REGION,2020
DAVAO ORIENTAL,3,0,06/12/2020,REGION XI-DAVAO REGION,2020
DAVAO ORIENTAL,4,0,13/12/2020,REGION XI-DAVAO REGION,2020
DAVAO ORIENTAL,1,0,20/12/2020,REGION XI-DAVAO REGION,2020
DAVAO ORIENTAL,2,0,27/12/2020,REGION XI-DAVAO REGION,2020
ABRA,0,0,12/01/2020,CAR,2020
ABRA,3,0,19/01/2020,CAR,2020
ABRA,2,0,26/01/2020,CAR,2020
ABRA,3,0,02/02/2020,CAR,2020
ABRA,3,0,09/02/2020,CAR,2020
ABRA,2,0,16/02/2020,CAR,2020
ABRA,3,0,23/02/2020,CAR,2020
ABRA,3,0,01/03/2020,CAR,2020
ABRA,4,0,08/03/2020,CAR,2020
ABRA,5,0,15/03/2020,CAR,2020
ABRA,6,0,22/03/2020,CAR,2020
ABRA,0,0,29/03/2020,CAR,2020
ABRA,0,0,05/04/2020,CAR,2020
ABRA,1,0,12/04/2020,CAR,2020
ABRA,1,0,19/04/2020,CAR,2020
ABRA,1,0,26/04/2020,CAR,2020
ABRA,1,0,03/05/2020,CAR,2020
ABRA,0,0,10/05/2020,CAR,2020
ABRA,0,0,17/05/2020,CAR,2020
ABRA,0,0,24/05/2020,CAR,2020
ABRA,0,0,31/05/2020,CAR,2020
ABRA,1,0,07/06/2020,CAR,2020
ABRA,1,0,14/06/2020,CAR,2020
ABRA,0,0,21/06/2020,CAR,2020
ABRA,0,0,28/06/2020,CAR,2020
ABRA,1,0,05/07/2020,CAR,2020
ABRA,2,0,12/07/2020,CAR,2020
ABRA,1,0,19/07/2020,CAR,2020
ABRA,0,0,26/07/2020,CAR,2020
ABRA,0,0,02/08/2020,CAR,2020
ABRA,0,0,09/08/2020,CAR,2020
ABRA,0,0,16/08/2020,CAR,2020
ABRA,0,0,23/08/2020,CAR,2020
ABRA,0,0,30/08/2020,CAR,2020
ABRA,0,0,13/09/2020,CAR,2020
ABRA,1,0,27/09/2020,CAR,2020
ABRA,0,0,11/10/2020,CAR,2020
ABRA,3,0,25/10/2020,CAR,2020
ABRA,1,0,08/11/2020,CAR,2020
ABRA,2,0,22/11/2020,CAR,2020
ABRA,1,0,29/11/2020,CAR,2020
ABRA,0,0,06/12/2020,CAR,2020
ABRA,0,0,13/12/2020,CAR,2020
ABRA,0,0,20/12/2020,CAR,2020
ABRA,0,0,27/12/2020,CAR,2020
ABRA,0,1,06/09/2020,CAR,2020
ABRA,0,0,20/09/2020,CAR,2020
ABRA,0,0,04/10/2020,CAR,2020
ABRA,0,0,18/10/2020,CAR,2020
ABRA,0,1,01/11/2020,CAR,2020
AGUSAN DEL NORTE,13,0,12/01/2020,CARAGA,2020
AGUSAN DEL NORTE,9,0,19/01/2020,CARAGA,2020
AGUSAN DEL NORTE,14,0,26/01/2020,CARAGA,2020
AGUSAN DEL NORTE,24,0,02/02/2020,CARAGA,2020
AGUSAN DEL NORTE,22,0,09/02/2020,CARAGA,2020
AGUSAN DEL NORTE,32,0,16/02/2020,CARAGA,2020
AGUSAN DEL NORTE,17,0,23/02/2020,CARAGA,2020
AGUSAN DEL NORTE,13,0,01/03/2020,CARAGA,2020
AGUSAN DEL NORTE,15,0,08/03/2020,CARAGA,2020
AGUSAN DEL NORTE,14,0,15/03/2020,CARAGA,2020
AGUSAN DEL NORTE,21,0,22/03/2020,CARAGA,2020
AGUSAN DEL NORTE,7,0,29/03/2020,CARAGA,2020
AGUSAN DEL NORTE,12,0,05/04/2020,CARAGA,2020
AGUSAN DEL NORTE,11,0,12/04/2020,CARAGA,2020
AGUSAN DEL NORTE,7,0,19/04/2020,CARAGA,2020
AGUSAN DEL NORTE,2,0,26/04/2020,CARAGA,2020
AGUSAN DEL NORTE,4,0,03/05/2020,CARAGA,2020
AGUSAN DEL NORTE,6,0,10/05/2020,CARAGA,2020
AGUSAN DEL NORTE,1,0,17/05/2020,CARAGA,2020
AGUSAN DEL NORTE,1,0,24/05/2020,CARAGA,2020
AGUSAN DEL NORTE,2,0,31/05/2020,CARAGA,2020
AGUSAN DEL NORTE,1,0,07/06/2020,CARAGA,2020
AGUSAN DEL NORTE,5,0,14/06/2020,CARAGA,2020
AGUSAN DEL NORTE,5,0,21/06/2020,CARAGA,2020
AGUSAN DEL NORTE,3,0,28/06/2020,CARAGA,2020
AGUSAN DEL NORTE,8,0,05/07/2020,CARAGA,2020
AGUSAN DEL NORTE,1,0,12/07/2020,CARAGA,2020
AGUSAN DEL NORTE,4,0,19/07/2020,CARAGA,2020
AGUSAN DEL NORTE,3,0,26/07/2020,CARAGA,2020
AGUSAN DEL NORTE,6,0,02/08/2020,CARAGA,2020
AGUSAN DEL NORTE,3,0,09/08/2020,CARAGA,2020
AGUSAN DEL NORTE,3,0,16/08/2020,CARAGA,2020
AGUSAN DEL NORTE,4,0,23/08/2020,CARAGA,2020
AGUSAN DEL NORTE,5,0,30/08/2020,CARAGA,2020
AGUSAN DEL NORTE,2,0,13/09/2020,CARAGA,2020
AGUSAN DEL NORTE,1,0,27/09/2020,CARAGA,2020
AGUSAN DEL NORTE,2,0,11/10/2020,CARAGA,2020
AGUSAN DEL NORTE,0,0,25/10/2020,CARAGA,2020
AGUSAN DEL NORTE,0,0,08/11/2020,CARAGA,2020
AGUSAN DEL NORTE,2,0,22/11/2020,CARAGA,2020
AGUSAN DEL NORTE,0,0,29/11/2020,CARAGA,2020
AGUSAN DEL NORTE,0,0,06/12/2020,CARAGA,2020
AGUSAN DEL NORTE,0,0,13/12/2020,CARAGA,2020
AGUSAN DEL NORTE,1,0,20/12/2020,CARAGA,2020
AGUSAN DEL NORTE,0,0,27/12/2020,CARAGA,2020
AGUSAN DEL NORTE,0,2,06/09/2020,CARAGA,2020
AGUSAN DEL NORTE,0,1,20/09/2020,CARAGA,2020
AGUSAN DEL NORTE,0,0,04/10/2020,CARAGA,2020
AGUSAN DEL NORTE,0,1,18/10/2020,CARAGA,2020
AGUSAN DEL NORTE,0,0,01/11/2020,CARAGA,2020
AGUSAN DEL SUR,26,0,12/01/2020,CARAGA,2020
AGUSAN DEL SUR,33,0,19/01/2020,CARAGA,2020
AGUSAN DEL SUR,48,0,26/01/2020,CARAGA,2020
AGUSAN DEL SUR,32,0,02/02/2020,CARAGA,2020
AGUSAN DEL SUR,35,0,09/02/2020,CARAGA,2020
AGUSAN DEL SUR,36,0,16/02/2020,CARAGA,2020
AGUSAN DEL SUR,41,0,23/02/2020,CARAGA,2020
AGUSAN DEL SUR,49,0,01/03/2020,CARAGA,2020
AGUSAN DEL SUR,15,0,08/03/2020,CARAGA,2020
AGUSAN DEL SUR,16,1,15/03/2020,CARAGA,2020
AGUSAN DEL SUR,23,0,22/03/2020,CARAGA,2020
AGUSAN DEL SUR,3,0,29/03/2020,CARAGA,2020
AGUSAN DEL SUR,2,0,05/04/2020,CARAGA,2020
AGUSAN DEL SUR,8,0,12/04/2020,CARAGA,2020
AGUSAN DEL SUR,14,0,19/04/2020,CARAGA,2020
AGUSAN DEL SUR,4,0,26/04/2020,CARAGA,2020
AGUSAN DEL SUR,5,0,03/05/2020,CARAGA,2020
AGUSAN DEL SUR,10,0,10/05/2020,CARAGA,2020
AGUSAN DEL SUR,10,0,17/05/2020,CARAGA,2020
AGUSAN DEL SUR,10,0,24/05/2020,CARAGA,2020
AGUSAN DEL SUR,9,0,31/05/2020,CARAGA,2020
AGUSAN DEL SUR,6,0,07/06/2020,CARAGA,2020
AGUSAN DEL SUR,12,0,14/06/2020,CARAGA,2020
AGUSAN DEL SUR,3,0,21/06/2020,CARAGA,2020
AGUSAN DEL SUR,9,0,28/06/2020,CARAGA,2020
AGUSAN DEL SUR,7,0,05/07/2020,CARAGA,2020
AGUSAN DEL SUR,12,0,12/07/2020,CARAGA,2020
AGUSAN DEL SUR,3,0,19/07/2020,CARAGA,2020
AGUSAN DEL SUR,11,1,26/07/2020,CARAGA,2020
AGUSAN DEL SUR,8,0,02/08/2020,CARAGA,2020
AGUSAN DEL SUR,3,0,09/08/2020,CARAGA,2020
AGUSAN DEL SUR,9,0,16/08/2020,CARAGA,2020
AGUSAN DEL SUR,3,0,23/08/2020,CARAGA,2020
AGUSAN DEL SUR,3,0,30/08/2020,CARAGA,2020
AGUSAN DEL SUR,5,0,13/09/2020,CARAGA,2020
AGUSAN DEL SUR,5,0,27/09/2020,CARAGA,2020
AGUSAN DEL SUR,1,0,11/10/2020,CARAGA,2020
AGUSAN DEL SUR,0,0,25/10/2020,CARAGA,2020
AGUSAN DEL SUR,3,0,08/11/2020,CARAGA,2020
AGUSAN DEL SUR,0,0,22/11/2020,CARAGA,2020
AGUSAN DEL SUR,0,0,29/11/2020,CARAGA,2020
AGUSAN DEL SUR,1,0,06/12/2020,CARAGA,2020
AGUSAN DEL SUR,2,0,13/12/2020,CARAGA,2020
AGUSAN DEL SUR,2,0,20/12/2020,CARAGA,2020
AGUSAN DEL SUR,2,0,27/12/2020,CARAGA,2020
AGUSAN DEL SUR,0,5,06/09/2020,CARAGA,2020
AGUSAN DEL SUR,0,6,20/09/2020,CARAGA,2020
AGUSAN DEL SUR,0,5,04/10/2020,CARAGA,2020
AGUSAN DEL SUR,0,0,18/10/2020,CARAGA,2020
AGUSAN DEL SUR,0,1,01/11/2020,CARAGA,2020
APAYAO,3,0,12/01/2020,CAR,2020
APAYAO,14,0,19/01/2020,CAR,2020
APAYAO,6,0,26/01/2020,CAR,2020
APAYAO,15,0,02/02/2020,CAR,2020
APAYAO,8,0,09/02/2020,CAR,2020
APAYAO,6,0,16/02/2020,CAR,2020
APAYAO,5,0,23/02/2020,CAR,2020
APAYAO,5,0,01/03/2020,CAR,2020
APAYAO,0,0,08/03/2020,CAR,2020
APAYAO,3,0,15/03/2020,CAR,2020
APAYAO,0,0,22/03/2020,CAR,2020
APAYAO,2,0,29/03/2020,CAR,2020
APAYAO,0,0,05/04/2020,CAR,2020
APAYAO,0,0,12/04/2020,CAR,2020
APAYAO,1,0,19/04/2020,CAR,2020
APAYAO,0,0,26/04/2020,CAR,2020
APAYAO,0,0,03/05/2020,CAR,2020
APAYAO,0,0,10/05/2020,CAR,2020
APAYAO,1,0,17/05/2020,CAR,2020
APAYAO,0,0,24/05/2020,CAR,2020
APAYAO,0,0,31/05/2020,CAR,2020
APAYAO,0,0,07/06/2020,CAR,2020
APAYAO,0,0,14/06/2020,CAR,2020
APAYAO,0,0,21/06/2020,CAR,2020
APAYAO,0,0,28/06/2020,CAR,2020
APAYAO,0,0,05/07/2020,CAR,2020
APAYAO,0,0,12/07/2020,CAR,2020
APAYAO,0,0,19/07/2020,CAR,2020
APAYAO,0,0,26/07/2020,CAR,2020
APAYAO,1,0,02/08/2020,CAR,2020
APAYAO,0,0,09/08/2020,CAR,2020
APAYAO,1,0,16/08/2020,CAR,2020
APAYAO,1,0,23/08/2020,CAR,2020
APAYAO,2,0,30/08/2020,CAR,2020
APAYAO,1,0,13/09/2020,CAR,2020
APAYAO,1,0,27/09/2020,CAR,2020
APAYAO,2,0,11/10/2020,CAR,2020
APAYAO,0,0,25/10/2020,CAR,2020
APAYAO,1,0,08/11/2020,CAR,2020
APAYAO,2,0,22/11/2020,CAR,2020
APAYAO,1,0,29/11/2020,CAR,2020
APAYAO,1,0,06/12/2020,CAR,2020
APAYAO,1,0,13/12/2020,CAR,2020
APAYAO,0,0,20/12/2020,CAR,2020
APAYAO,1,0,27/12/2020,CAR,2020
APAYAO,0,2,06/09/2020,CAR,2020
APAYAO,0,7,20/09/2020,CAR,2020
APAYAO,0,2,04/10/2020,CAR,2020
APAYAO,0,2,18/10/2020,CAR,2020
APAYAO,0,1,01/11/2020,CAR,2020
BAGUIO CITY,8,0,12/01/2020,CAR,2020
BAGUIO CITY,12,1,19/01/2020,CAR,2020
BAGUIO CITY,8,0,26/01/2020,CAR,2020
BAGUIO CITY,4,0,02/02/2020,CAR,2020
BAGUIO CITY,5,0,09/02/2020,CAR,2020
BAGUIO CITY,3,0,16/02/2020,CAR,2020
BAGUIO CITY,4,0,23/02/2020,CAR,2020
BAGUIO CITY,6,0,01/03/2020,CAR,2020
BAGUIO CITY,2,0,08/03/2020,CAR,2020
BAGUIO CITY,2,0,15/03/2020,CAR,2020
BAGUIO CITY,2,0,22/03/2020,CAR,2020
BAGUIO CITY,0,0,29/03/2020,CAR,2020
BAGUIO CITY,2,1,05/04/2020,CAR,2020
BAGUIO CITY,0,0,12/04/2020,CAR,2020
BAGUIO CITY,0,0,19/04/2020,CAR,2020
BAGUIO CITY,0,0,26/04/2020,CAR,2020
BAGUIO CITY,0,0,03/05/2020,CAR,2020
BAGUIO CITY,0,0,10/05/2020,CAR,2020
BAGUIO CITY,0,0,17/05/2020,CAR,2020
BAGUIO CITY,0,0,24/05/2020,CAR,2020
BAGUIO CITY,2,0,31/05/2020,CAR,2020
BAGUIO CITY,0,0,07/06/2020,CAR,2020
BAGUIO CITY,0,0,14/06/2020,CAR,2020
BAGUIO CITY,17,0,21/06/2020,CAR,2020
BAGUIO CITY,2,0,28/06/2020,CAR,2020
BAGUIO CITY,5,0,05/07/2020,CAR,2020
BAGUIO CITY,9,0,12/07/2020,CAR,2020
BAGUIO CITY,10,0,19/07/2020,CAR,2020
BAGUIO CITY,7,0,26/07/2020,CAR,2020
BAGUIO CITY,4,0,02/08/2020,CAR,2020
BAGUIO CITY,6,0,09/08/2020,CAR,2020
BAGUIO CITY,3,0,16/08/2020,CAR,2020
BAGUIO CITY,0,0,23/08/2020,CAR,2020
BAGUIO CITY,1,0,30/08/2020,CAR,2020
BAGUIO CITY,8,0,13/09/2020,CAR,2020
BAGUIO CITY,4,0,27/09/2020,CAR,2020
BAGUIO CITY,2,0,11/10/2020,CAR,2020
BAGUIO CITY,6,0,25/10/2020,CAR,2020
BAGUIO CITY,1,0,08/11/2020,CAR,2020
BAGUIO CITY,0,0,22/11/2020,CAR,2020
BAGUIO CITY,4,0,29/11/2020,CAR,2020
BAGUIO CITY,2,0,06/12/2020,CAR,2020
BAGUIO CITY,7,0,13/12/2020,CAR,2020
BAGUIO CITY,3,0,20/12/2020,CAR,2020
BAGUIO CITY,3,0,27/12/2020,CAR,2020
BAGUIO CITY,0,1,06/09/2020,CAR,2020
BAGUIO CITY,0,2,20/09/2020,CAR,2020
BAGUIO CITY,0,3,04/10/2020,CAR,2020
BAGUIO CITY,0,0,18/10/2020,CAR,2020
BAGUIO CITY,0,2,01/11/2020,CAR,2020
BASILAN,3,0,12/01/2020,BARMM,2020
BASILAN,1,0,19/01/2020,BARMM,2020
BASILAN,1,0,26/01/2020,BARMM,2020
BASILAN,7,0,02/02/2020,BARMM,2020
BASILAN,3,0,09/02/2020,BARMM,2020
BASILAN,3,0,16/02/2020,BARMM,2020
BASILAN,3,0,23/02/2020,BARMM,2020
BASILAN,7,0,01/03/2020,BARMM,2020
BASILAN,2,0,08/03/2020,BARMM,2020
BASILAN,4,0,15/03/2020,BARMM,2020
BASILAN,3,0,22/03/2020,BARMM,2020
BASILAN,0,0,29/03/2020,BARMM,2020
BASILAN,1,0,05/04/2020,BARMM,2020
BASILAN,0,0,12/04/2020,BARMM,2020
BASILAN,3,0,19/04/2020,BARMM,2020
BASILAN,1,0,26/04/2020,BARMM,2020
BASILAN,1,0,03/05/2020,BARMM,2020
BASILAN,0,0,10/05/2020,BARMM,2020
BASILAN,1,0,17/05/2020,BARMM,2020
BASILAN,0,0,24/05/2020,BARMM,2020
BASILAN,0,0,31/05/2020,BARMM,2020
BASILAN,1,0,07/06/2020,BARMM,2020
BASILAN,1,0,14/06/2020,BARMM,2020
BASILAN,0,0,21/06/2020,BARMM,2020
BASILAN,0,0,28/06/2020,BARMM,2020
BASILAN,1,0,05/07/2020,BARMM,2020
BASILAN,2,0,12/07/2020,BARMM,2020
BASILAN,3,0,19/07/2020,BARMM,2020
BASILAN,1,0,26/07/2020,BARMM,2020
BASILAN,1,0,02/08/2020,BARMM,2020
BASILAN,0,0,09/08/2020,BARMM,2020
BASILAN,0,0,16/08/2020,BARMM,2020
BASILAN,2,0,23/08/2020,BARMM,2020
BASILAN,1,0,30/08/2020,BARMM,2020
BASILAN,1,0,13/09/2020,BARMM,2020
BASILAN,0,0,27/09/2020,BARMM,2020
BASILAN,0,0,11/10/2020,BARMM,2020
BASILAN,1,0,25/10/2020,BARMM,2020
BASILAN,0,0,08/11/2020,BARMM,2020
BASILAN,0,0,22/11/2020,BARMM,2020
BASILAN,0,0,29/11/2020,BARMM,2020
BASILAN,0,0,06/12/2020,BARMM,2020
BASILAN,0,0,13/12/2020,BARMM,2020
BASILAN,0,0,20/12/2020,BARMM,2020
BASILAN,0,0,27/12/2020,BARMM,2020
BASILAN,0,0,06/09/2020,BARMM,2020
BASILAN,0,0,20/09/2020,BARMM,2020
BASILAN,0,1,04/10/2020,BARMM,2020
BASILAN,0,0,18/10/2020,BARMM,2020
BASILAN,0,1,01/11/2020,BARMM,2020
BASILIG CITY,5,0,12/01/2020,CARAGA,2020
BASILIG CITY,5,0,19/01/2020,CARAGA,2020
BASILIG CITY,13,0,26/01/2020,CARAGA,2020
BASILIG CITY,8,0,02/02/2020,CARAGA,2020
BASILIG CITY,12,0,09/02/2020,CARAGA,2020
BASILIG CITY,5,0,16/02/2020,CARAGA,2020
BASILIG CITY,6,0,23/02/2020,CARAGA,2020
BASILIG CITY,7,0,01/03/2020,CARAGA,2020
BASILIG CITY,8,0,08/03/2020,CARAGA,2020
BASILIG CITY,3,0,15/03/2020,CARAGA,2020
BASILIG CITY,7,0,22/03/2020,CARAGA,2020
BASILIG CITY,3,0,29/03/2020,CARAGA,2020
BASILIG CITY,6,0,05/04/2020,CARAGA,2020
BASILIG CITY,1,0,12/04/2020,CARAGA,2020
BASILIG CITY,1,0,19/04/2020,CARAGA,2020
BASILIG CITY,1,0,26/04/2020,CARAGA,2020
BASILIG CITY,1,0,03/05/2020,CARAGA,2020
BASILIG CITY,4,0,10/05/2020,CARAGA,2020
BASILIG CITY,6,0,17/05/2020,CARAGA,2020
BASILIG CITY,6,0,24/05/2020,CARAGA,2020
BASILIG CITY,4,0,31/05/2020,CARAGA,2020
BASILIG CITY,2,0,07/06/2020,CARAGA,2020
BASILIG CITY,1,0,14/06/2020,CARAGA,2020
BASILIG CITY,4,0,21/06/2020,CARAGA,2020
BASILIG CITY,4,0,28/06/2020,CARAGA,2020
BASILIG CITY,2,0,05/07/2020,CARAGA,2020
BASILIG CITY,2,0,12/07/2020,CARAGA,2020
BASILIG CITY,0,0,19/07/2020,CARAGA,2020
BASILIG CITY,1,0,26/07/2020,CARAGA,2020
BASILIG CITY,2,0,02/08/2020,CARAGA,2020
BASILIG CITY,1,0,09/08/2020,CARAGA,2020
BASILIG CITY,2,0,16/08/2020,CARAGA,2020
BASILIG CITY,1,0,23/08/2020,CARAGA,2020
BASILIG CITY,2,0,30/08/2020,CARAGA,2020
BASILIG CITY,0,0,13/09/2020,CARAGA,2020
BASILIG CITY,3,0,27/09/2020,CARAGA,2020
BASILIG CITY,2,0,11/10/2020,CARAGA,2020
BASILIG CITY,1,0,25/10/2020,CARAGA,2020
BASILIG CITY,0,0,08/11/2020,CARAGA,2020
BASILIG CITY,0,0,22/11/2020,CARAGA,2020
BASILIG CITY,1,0,29/11/2020,CARAGA,2020
BASILIG CITY,0,0,06/12/2020,CARAGA,2020
BASILIG CITY,0,0,13/12/2020,CARAGA,2020
BASILIG CITY,1,0,20/12/2020,CARAGA,2020
BASILIG CITY,0,0,27/12/2020,CARAGA,2020
BASILIG CITY,0,0,06/09/2020,CARAGA,2020
BASILIG CITY,0,2,20/09/2020,CARAGA,2020
BASILIG CITY,0,3,04/10/2020,CARAGA,2020
BASILIG CITY,0,1,18/10/2020,CARAGA,2020
BASILIG CITY,0,0,01/11/2020,CARAGA,2020
BAYUGAN CITY,6,0,12/01/2020,CARAGA,2020
BAYUGAN CITY,8,1,19/01/2020,CARAGA,2020
BAYUGAN CITY,10,0,26/01/2020,CARAGA,2020
BAYUGAN CITY,11,0,02/02/2020,CARAGA,2020
BAYUGAN CITY,12,1,09/02/2020,CARAGA,2020
BAYUGAN CITY,15,0,16/02/2020,CARAGA,2020
BAYUGAN CITY,16,0,23/02/2020,CARAGA,2020
BAYUGAN CITY,14,0,01/03/2020,CARAGA,2020
BAYUGAN CITY,11,0,08/03/2020,CARAGA,2020
BAYUGAN CITY,12,0,15/03/2020,CARAGA,2020
BAYUGAN CITY,15,0,22/03/2020,CARAGA,2020
BAYUGAN CITY,9,0,29/03/2020,CARAGA,2020
BAYUGAN CITY,21,0,05/04/2020,CARAGA,2020
BAYUGAN CITY,7,0,12/04/2020,CARAGA,2020
BAYUGAN CITY,5,0,19/04/2020,CARAGA,2020
BAYUGAN CITY,1,0,26/04/2020,CARAGA,2020
BAYUGAN CITY,3,0,03/05/2020,CARAGA,2020
BAYUGAN CITY,2,0,10/05/2020,CARAGA,2020
BAYUGAN CITY,0,0,17/05/2020,CARAGA,2020
BAYUGAN CITY,0,0,24/05/2020,CARAGA,2020
BAYUGAN CITY,0,0,31/05/2020,CARAGA,2020
BAYUGAN CITY,0,0,07/06/2020,CARAGA,2020
BAYUGAN CITY,0,0,14/06/2020,CARAGA,2020
BAYUGAN CITY,0,0,21/06/2020,CARAGA,2020
BAYUGAN CITY,0,0,28/06/2020,CARAGA,2020
BAYUGAN CITY,0,0,05/07/2020,CARAGA,2020
BAYUGAN CITY,2,0,12/07/2020,CARAGA,2020
BAYUGAN CITY,0,0,19/07/2020,CARAGA,2020
BAYUGAN CITY,0,0,26/07/2020,CARAGA,2020
BAYUGAN CITY,0,0,02/08/2020,CARAGA,2020
BAYUGAN CITY,1,0,09/08/2020,CARAGA,2020
BAYUGAN CITY,2,0,16/08/2020,CARAGA,2020
BAYUGAN CITY,0,0,23/08/2020,CARAGA,2020
BAYUGAN CITY,0,0,30/08/2020,CARAGA,2020
BAYUGAN CITY,1,0,13/09/2020,CARAGA,2020
BAYUGAN CITY,0,0,27/09/2020,CARAGA,2020
BAYUGAN CITY,0,0,11/10/2020,CARAGA,2020
BAYUGAN CITY,0,0,25/10/2020,CARAGA,2020
BAYUGAN CITY,1,0,08/11/2020,CARAGA,2020
BAYUGAN CITY,0,0,22/11/2020,CARAGA,2020
BAYUGAN CITY,1,0,29/11/2020,CARAGA,2020
BAYUGAN CITY,0,0,06/12/2020,CARAGA,2020
BAYUGAN CITY,0,0,13/12/2020,CARAGA,2020
BAYUGAN CITY,1,0,20/12/2020,CARAGA,2020
BAYUGAN CITY,0,0,27/12/2020,CARAGA,2020
BAYUGAN CITY,0,0,06/09/2020,CARAGA,2020
BAYUGAN CITY,0,0,20/09/2020,CARAGA,2020
BAYUGAN CITY,0,0,04/10/2020,CARAGA,2020
BAYUGAN CITY,0,0,18/10/2020,CARAGA,2020
BAYUGAN CITY,0,0,01/11/2020,CARAGA,2020
BENGUET,15,0,12/01/2020,CAR,2020
BENGUET,26,0,19/01/2020,CAR,2020
BENGUET,21,0,26/01/2020,CAR,2020
BENGUET,34,0,02/02/2020,CAR,2020
BENGUET,17,0,09/02/2020,CAR,2020
BENGUET,11,0,16/02/2020,CAR,2020
BENGUET,18,0,23/02/2020,CAR,2020
BENGUET,18,0,01/03/2020,CAR,2020
BENGUET,16,0,08/03/2020,CAR,2020
BENGUET,8,0,15/03/2020,CAR,2020
BENGUET,3,0,22/03/2020,CAR,2020
BENGUET,0,0,29/03/2020,CAR,2020
BENGUET,1,0,05/04/2020,CAR,2020
BENGUET,0,0,12/04/2020,CAR,2020
BENGUET,0,0,19/04/2020,CAR,2020
BENGUET,2,0,26/04/2020,CAR,2020
BENGUET,0,0,03/05/2020,CAR,2020
BENGUET,1,0,10/05/2020,CAR,2020
BENGUET,9,0,17/05/2020,CAR,2020
BENGUET,2,0,24/05/2020,CAR,2020
BENGUET,2,0,31/05/2020,CAR,2020
BENGUET,0,0,07/06/2020,CAR,2020
BENGUET,1,0,14/06/2020,CAR,2020
BENGUET,28,0,21/06/2020,CAR,2020
BENGUET,2,0,28/06/2020,CAR,2020
BENGUET,8,0,05/07/2020,CAR,2020
BENGUET,2,0,12/07/2020,CAR,2020
BENGUET,5,0,19/07/2020,CAR,2020
BENGUET,7,0,26/07/2020,CAR,2020
BENGUET,3,0,02/08/2020,CAR,2020
BENGUET,6,0,09/08/2020,CAR,2020
BENGUET,4,0,16/08/2020,CAR,2020
BENGUET,11,0,23/08/2020,CAR,2020
BENGUET,7,0,30/08/2020,CAR,2020
BENGUET,11,0,13/09/2020,CAR,2020
BENGUET,4,0,27/09/2020,CAR,2020
BENGUET,7,0,11/10/2020,CAR,2020
BENGUET,12,0,25/10/2020,CAR,2020
BENGUET,7,1,08/11/2020,CAR,2020
BENGUET,3,0,22/11/2020,CAR,2020
BENGUET,3,0,29/11/2020,CAR,2020
BENGUET,4,1,06/12/2020,CAR,2020
BENGUET,9,0,13/12/2020,CAR,2020
BENGUET,9,0,20/12/2020,CAR,2020
BENGUET,7,0,27/12/2020,CAR,2020
BENGUET,0,4,06/09/2020,CAR,2020
BENGUET,0,3,20/09/2020,CAR,2020
BENGUET,0,3,04/10/2020,CAR,2020
BENGUET,0,4,18/10/2020,CAR,2020
BENGUET,0,5,01/11/2020,CAR,2020
BUTUAN CITY,3,0,12/01/2020,CARAGA,2020
BUTUAN CITY,19,0,19/01/2020,CARAGA,2020
BUTUAN CITY,19,0,26/01/2020,CARAGA,2020
BUTUAN CITY,3,0,02/02/2020,CARAGA,2020
BUTUAN CITY,25,0,09/02/2020,CARAGA,2020
BUTUAN CITY,32,0,16/02/2020,CARAGA,2020
BUTUAN CITY,24,0,23/02/2020,CARAGA,2020
BUTUAN CITY,26,0,01/03/2020,CARAGA,2020
BUTUAN CITY,29,0,08/03/2020,CARAGA,2020
BUTUAN CITY,27,0,15/03/2020,CARAGA,2020
BUTUAN CITY,35,0,22/03/2020,CARAGA,2020
BUTUAN CITY,22,0,29/03/2020,CARAGA,2020
BUTUAN CITY,15,0,05/04/2020,CARAGA,2020
BUTUAN CITY,12,0,12/04/2020,CARAGA,2020
BUTUAN CITY,8,0,19/04/2020,CARAGA,2020
BUTUAN CITY,10,0,26/04/2020,CARAGA,2020
BUTUAN CITY,13,0,03/05/2020,CARAGA,2020
BUTUAN CITY,10,0,10/05/2020,CARAGA,2020
BUTUAN CITY,9,0,17/05/2020,CARAGA,2020
BUTUAN CITY,8,0,24/05/2020,CARAGA,2020
BUTUAN CITY,10,0,31/05/2020,CARAGA,2020
BUTUAN CITY,6,0,07/06/2020,CARAGA,2020
BUTUAN CITY,13,0,14/06/2020,CARAGA,2020
BUTUAN CITY,6,0,21/06/2020,CARAGA,2020
BUTUAN CITY,4,0,28/06/2020,CARAGA,2020
BUTUAN CITY,6,0,05/07/2020,CARAGA,2020
BUTUAN CITY,5,0,12/07/2020,CARAGA,2020
BUTUAN CITY,7,0,19/07/2020,CARAGA,2020
BUTUAN CITY,7,0,26/07/2020,CARAGA,2020
BUTUAN CITY,8,0,02/08/2020,CARAGA,2020
BUTUAN CITY,2,0,09/08/2020,CARAGA,2020
BUTUAN CITY,2,0,16/08/2020,CARAGA,2020
BUTUAN CITY,1,0,23/08/2020,CARAGA,2020
BUTUAN CITY,0,0,30/08/2020,CARAGA,2020
BUTUAN CITY,0,0,13/09/2020,CARAGA,2020
BUTUAN CITY,1,0,27/09/2020,CARAGA,2020
BUTUAN CITY,0,0,11/10/2020,CARAGA,2020
BUTUAN CITY,0,0,25/10/2020,CARAGA,2020
BUTUAN CITY,1,0,08/11/2020,CARAGA,2020
BUTUAN CITY,1,0,22/11/2020,CARAGA,2020
BUTUAN CITY,0,0,29/11/2020,CARAGA,2020
BUTUAN CITY,1,0,06/12/2020,CARAGA,2020
BUTUAN CITY,1,0,13/12/2020,CARAGA,2020
BUTUAN CITY,0,0,20/12/2020,CARAGA,2020
BUTUAN CITY,0,0,27/12/2020,CARAGA,2020
BUTUAN CITY,0,1,06/09/2020,CARAGA,2020
BUTUAN CITY,0,1,20/09/2020,CARAGA,2020
BUTUAN CITY,0,0,04/10/2020,CARAGA,2020
BUTUAN CITY,0,0,18/10/2020,CARAGA,2020
BUTUAN CITY,0,0,01/11/2020,CARAGA,2020
CABADBARAN CITY,8,0,12/01/2020,CARAGA,2020
CABADBARAN CITY,10,0,19/01/2020,CARAGA,2020
CABADBARAN CITY,10,0,26/01/2020,CARAGA,2020
CABADBARAN CITY,25,0,02/02/2020,CARAGA,2020
CABADBARAN CITY,8,0,09/02/2020,CARAGA,2020
CABADBARAN CITY,18,0,16/02/2020,CARAGA,2020
CABADBARAN CITY,17,0,23/02/2020,CARAGA,2020
CABADBARAN CITY,9,0,01/03/2020,CARAGA,2020
CABADBARAN CITY,4,0,08/03/2020,CARAGA,2020
CABADBARAN CITY,6,0,15/03/2020,CARAGA,2020
CABADBARAN CITY,6,0,22/03/2020,CARAGA,2020
CABADBARAN CITY,2,0,29/03/2020,CARAGA,2020
CABADBARAN CITY,3,0,05/04/2020,CARAGA,2020
CABADBARAN CITY,0,0,12/04/2020,CARAGA,2020
CABADBARAN CITY,1,0,19/04/2020,CARAGA,2020
CABADBARAN CITY,0,0,26/04/2020,CARAGA,2020
CABADBARAN CITY,0,0,03/05/2020,CARAGA,2020
CABADBARAN CITY,4,0,10/05/2020,CARAGA,2020
CABADBARAN CITY,0,0,17/05/2020,CARAGA,2020
CABADBARAN CITY,1,0,24/05/2020,CARAGA,2020
CABADBARAN CITY,2,0,31/05/2020,CARAGA,2020
CABADBARAN CITY,0,0,07/06/2020,CARAGA,2020
CABADBARAN CITY,3,0,14/06/2020,CARAGA,2020
CABADBARAN CITY,2,0,21/06/2020,CARAGA,2020
CABADBARAN CITY,2,0,28/06/2020,CARAGA,2020
CABADBARAN CITY,1,0,05/07/2020,CARAGA,2020
CABADBARAN CITY,0,0,12/07/2020,CARAGA,2020
CABADBARAN CITY,4,0,19/07/2020,CARAGA,2020
CABADBARAN CITY,1,0,26/07/2020,CARAGA,2020
CABADBARAN CITY,1,0,02/08/2020,CARAGA,2020
CABADBARAN CITY,0,0,09/08/2020,CARAGA,2020
CABADBARAN CITY,0,0,16/08/2020,CARAGA,2020
CABADBARAN CITY,0,0,23/08/2020,CARAGA,2020
CABADBARAN CITY,0,0,30/08/2020,CARAGA,2020
CABADBARAN CITY,0,0,13/09/2020,CARAGA,2020
CABADBARAN CITY,0,0,27/09/2020,CARAGA,2020
CABADBARAN CITY,0,0,11/10/2020,CARAGA,2020
CABADBARAN CITY,0,0,25/10/2020,CARAGA,2020
CABADBARAN CITY,0,0,08/11/2020,CARAGA,2020
CABADBARAN CITY,0,0,22/11/2020,CARAGA,2020
CABADBARAN CITY,0,0,29/11/2020,CARAGA,2020
CABADBARAN CITY,1,0,06/12/2020,CARAGA,2020
CABADBARAN CITY,0,0,13/12/2020,CARAGA,2020
CABADBARAN CITY,0,0,20/12/2020,CARAGA,2020
CABADBARAN CITY,0,0,27/12/2020,CARAGA,2020
CABADBARAN CITY,0,0,06/09/2020,CARAGA,2020
CABADBARAN CITY,0,0,20/09/2020,CARAGA,2020
CABADBARAN CITY,0,0,04/10/2020,CARAGA,2020
CABADBARAN CITY,0,1,18/10/2020,CARAGA,2020
CABADBARAN CITY,0,0,01/11/2020,CARAGA,2020
CALOOCAN CITY,40,0,12/01/2020,NATIONAL CAPITAL REGION,2020
CALOOCAN CITY,74,0,19/01/2020,NATIONAL CAPITAL REGION,2020
CALOOCAN CITY,62,0,26/01/2020,NATIONAL CAPITAL REGION,2020
CALOOCAN CITY,65,0,02/02/2020,NATIONAL CAPITAL REGION,2020
CALOOCAN CITY,53,0,09/02/2020,NATIONAL CAPITAL REGION,2020
CALOOCAN CITY,37,0,16/02/2020,NATIONAL CAPITAL REGION,2020
CALOOCAN CITY,27,0,23/02/2020,NATIONAL CAPITAL REGION,2020
CALOOCAN CITY,23,1,01/03/2020,NATIONAL CAPITAL REGION,2020
CALOOCAN CITY,29,0,08/03/2020,NATIONAL CAPITAL REGION,2020
CALOOCAN CITY,0,0,15/03/2020,NATIONAL CAPITAL REGION,2020
CALOOCAN CITY,17,0,22/03/2020,NATIONAL CAPITAL REGION,2020
CALOOCAN CITY,9,1,29/03/2020,NATIONAL CAPITAL REGION,2020
CALOOCAN CITY,3,0,05/04/2020,NATIONAL CAPITAL REGION,2020
CALOOCAN CITY,4,0,12/04/2020,NATIONAL CAPITAL REGION,2020
CALOOCAN CITY,0,0,19/04/2020,NATIONAL CAPITAL REGION,2020
CALOOCAN CITY,0,0,26/04/2020,NATIONAL CAPITAL REGION,2020
CALOOCAN CITY,4,0,03/05/2020,NATIONAL CAPITAL REGION,2020
CALOOCAN CITY,0,0,10/05/2020,NATIONAL CAPITAL REGION,2020
CALOOCAN CITY,2,0,17/05/2020,NATIONAL CAPITAL REGION,2020
CALOOCAN CITY,3,0,24/05/2020,NATIONAL CAPITAL REGION,2020
CALOOCAN CITY,1,0,31/05/2020,NATIONAL CAPITAL REGION,2020
CALOOCAN CITY,0,0,07/06/2020,NATIONAL CAPITAL REGION,2020
CALOOCAN CITY,0,0,14/06/2020,NATIONAL CAPITAL REGION,2020
CALOOCAN CITY,4,0,21/06/2020,NATIONAL CAPITAL REGION,2020
CALOOCAN CITY,2,0,28/06/2020,NATIONAL CAPITAL REGION,2020
CALOOCAN CITY,9,0,05/07/2020,NATIONAL CAPITAL REGION,2020
CALOOCAN CITY,7,0,12/07/2020,NATIONAL CAPITAL REGION,2020
CALOOCAN CITY,3,0,19/07/2020,NATIONAL CAPITAL REGION,2020
CALOOCAN CITY,5,0,26/07/2020,NATIONAL CAPITAL REGION,2020
CALOOCAN CITY,5,0,02/08/2020,NATIONAL CAPITAL REGION,2020
CALOOCAN CITY,3,0,09/08/2020,NATIONAL CAPITAL REGION,2020
CALOOCAN CITY,2,0,16/08/2020,NATIONAL CAPITAL REGION,2020
CALOOCAN CITY,4,0,23/08/2020,NATIONAL CAPITAL REGION,2020
CALOOCAN CITY,5,0,30/08/2020,NATIONAL CAPITAL REGION,2020
CALOOCAN CITY,10,0,13/09/2020,NATIONAL CAPITAL REGION,2020
CALOOCAN CITY,11,0,27/09/2020,NATIONAL CAPITAL REGION,2020
CALOOCAN CITY,10,0,11/10/2020,NATIONAL CAPITAL REGION,2020
CALOOCAN CITY,7,0,25/10/2020,NATIONAL CAPITAL REGION,2020
CALOOCAN CITY,11,0,08/11/2020,NATIONAL CAPITAL REGION,2020
CALOOCAN CITY,11,0,22/11/2020,NATIONAL CAPITAL REGION,2020
CALOOCAN CITY,14,0,29/11/2020,NATIONAL CAPITAL REGION,2020
CALOOCAN CITY,11,0,06/12/2020,NATIONAL CAPITAL REGION,2020
CALOOCAN CITY,16,1,13/12/2020,NATIONAL CAPITAL REGION,2020
CALOOCAN CITY,22,0,20/12/2020,NATIONAL CAPITAL REGION,2020
CALOOCAN CITY,17,0,27/12/2020,NATIONAL CAPITAL REGION,2020
CALOOCAN CITY,0,10,06/09/2020,NATIONAL CAPITAL REGION,2020
CALOOCAN CITY,0,12,20/09/2020,NATIONAL CAPITAL REGION,2020
CALOOCAN CITY,0,10,04/10/2020,NATIONAL CAPITAL REGION,2020
CALOOCAN CITY,0,15,18/10/2020,NATIONAL CAPITAL REGION,2020
CALOOCAN CITY,0,11,01/11/2020,NATIONAL CAPITAL REGION,2020
COTABATO CITY,6,0,12/01/2020,REGION XII-SOCCSKSARGEN,2020
COTABATO CITY,10,0,19/01/2020,REGION XII-SOCCSKSARGEN,2020
COTABATO CITY,8,0,26/01/2020,REGION XII-SOCCSKSARGEN,2020
COTABATO CITY,11,0,02/02/2020,REGION XII-SOCCSKSARGEN,2020
COTABATO CITY,13,0,09/02/2020,REGION XII-SOCCSKSARGEN,2020
COTABATO CITY,9,0,16/02/2020,REGION XII-SOCCSKSARGEN,2020
COTABATO CITY,5,0,23/02/2020,REGION XII-SOCCSKSARGEN,2020
COTABATO CITY,10,0,01/03/2020,REGION XII-SOCCSKSARGEN,2020
COTABATO CITY,9,0,08/03/2020,REGION XII-SOCCSKSARGEN,2020
COTABATO CITY,11,0,15/03/2020,REGION XII-SOCCSKSARGEN,2020
COTABATO CITY,6,0,22/03/2020,REGION XII-SOCCSKSARGEN,2020
COTABATO CITY,5,0,29/03/2020,REGION XII-SOCCSKSARGEN,2020
COTABATO CITY,1,0,05/04/2020,REGION XII-SOCCSKSARGEN,2020
COTABATO CITY,4,0,12/04/2020,REGION XII-SOCCSKSARGEN,2020
COTABATO CITY,2,0,19/04/2020,REGION XII-SOCCSKSARGEN,2020
COTABATO CITY,4,0,26/04/2020,REGION XII-SOCCSKSARGEN,2020
COTABATO CITY,2,0,03/05/2020,REGION XII-SOCCSKSARGEN,2020
COTABATO CITY,2,0,10/05/2020,REGION XII-SOCCSKSARGEN,2020
COTABATO CITY,0,0,17/05/2020,REGION XII-SOCCSKSARGEN,2020
COTABATO CITY,0,0,24/05/2020,REGION XII-SOCCSKSARGEN,2020
COTABATO CITY,5,0,31/05/2020,REGION XII-SOCCSKSARGEN,2020
COTABATO CITY,2,0,07/06/2020,REGION XII-SOCCSKSARGEN,2020
COTABATO CITY,2,0,14/06/2020,REGION XII-SOCCSKSARGEN,2020
COTABATO CITY,3,0,21/06/2020,REGION XII-SOCCSKSARGEN,2020
COTABATO CITY,4,0,28/06/2020,REGION XII-SOCCSKSARGEN,2020
COTABATO CITY,6,0,05/07/2020,REGION XII-SOCCSKSARGEN,2020
COTABATO CITY,8,1,12/07/2020,REGION XII-SOCCSKSARGEN,2020
COTABATO CITY,3,0,19/07/2020,REGION XII-SOCCSKSARGEN,2020
COTABATO CITY,1,0,26/07/2020,REGION XII-SOCCSKSARGEN,2020
COTABATO CITY,6,0,02/08/2020,REGION XII-SOCCSKSARGEN,2020
COTABATO CITY,11,1,09/08/2020,REGION XII-SOCCSKSARGEN,2020
COTABATO CITY,6,0,16/08/2020,REGION XII-SOCCSKSARGEN,2020
COTABATO CITY,6,0,23/08/2020,REGION XII-SOCCSKSARGEN,2020
COTABATO CITY,9,0,30/08/2020,REGION XII-SOCCSKSARGEN,2020
COTABATO CITY,4,0,13/09/2020,REGION XII-SOCCSKSARGEN,2020
COTABATO CITY,3,0,27/09/2020,REGION XII-SOCCSKSARGEN,2020
COTABATO CITY,2,0,11/10/2020,REGION XII-SOCCSKSARGEN,2020
COTABATO CITY,2,0,25/10/2020,REGION XII-SOCCSKSARGEN,2020
COTABATO CITY,3,0,08/11/2020,REGION XII-SOCCSKSARGEN,2020
COTABATO CITY,4,0,22/11/2020,REGION XII-SOCCSKSARGEN,2020
COTABATO CITY,5,0,29/11/2020,REGION XII-SOCCSKSARGEN,2020
COTABATO CITY,5,0,06/12/2020,REGION XII-SOCCSKSARGEN,2020
COTABATO CITY,2,0,13/12/2020,REGION XII-SOCCSKSARGEN,2020
COTABATO CITY,2,0,20/12/2020,REGION XII-SOCCSKSARGEN,2020
COTABATO CITY,5,0,27/12/2020,REGION XII-SOCCSKSARGEN,2020
COTABATO CITY,0,3,06/09/2020,REGION XII-SOCCSKSARGEN,2020
COTABATO CITY,0,2,20/09/2020,REGION XII-SOCCSKSARGEN,2020
COTABATO CITY,0,7,04/10/2020,REGION XII-SOCCSKSARGEN,2020
COTABATO CITY,0,3,18/10/2020,REGION XII-SOCCSKSARGEN,2020
COTABATO CITY,0,3,01/11/2020,REGION XII-SOCCSKSARGEN,2020
DINAGAT ISLANDS,17,0,12/01/2020,CARAGA,2020
DINAGAT ISLANDS,50,0,19/01/2020,CARAGA,2020
DINAGAT ISLANDS,34,1,26/01/2020,CARAGA,2020
DINAGAT ISLANDS,39,0,02/02/2020,CARAGA,2020
DINAGAT ISLANDS,36,0,09/02/2020,CARAGA,2020
DINAGAT ISLANDS,11,0,16/02/2020,CARAGA,2020
DINAGAT ISLANDS,12,0,23/02/2020,CARAGA,2020
DINAGAT ISLANDS,17,0,01/03/2020,CARAGA,2020
DINAGAT ISLANDS,6,0,08/03/2020,CARAGA,2020
DINAGAT ISLANDS,5,0,15/03/2020,CARAGA,2020
DINAGAT ISLANDS,10,0,22/03/2020,CARAGA,2020
DINAGAT ISLANDS,4,0,29/03/2020,CARAGA,2020
DINAGAT ISLANDS,1,0,05/04/2020,CARAGA,2020
DINAGAT ISLANDS,9,0,12/04/2020,CARAGA,2020
DINAGAT ISLANDS,3,0,19/04/2020,CARAGA,2020
DINAGAT ISLANDS,2,0,26/04/2020,CARAGA,2020
DINAGAT ISLANDS,4,0,03/05/2020,CARAGA,2020
DINAGAT ISLANDS,2,0,10/05/2020,CARAGA,2020
DINAGAT ISLANDS,4,0,17/05/2020,CARAGA,2020
DINAGAT ISLANDS,5,0,24/05/2020,CARAGA,2020
DINAGAT ISLANDS,2,0,31/05/2020,CARAGA,2020
DINAGAT ISLANDS,0,0,07/06/2020,CARAGA,2020
DINAGAT ISLANDS,1,0,14/06/2020,CARAGA,2020
DINAGAT ISLANDS,1,0,21/06/2020,CARAGA,2020
DINAGAT ISLANDS,2,0,28/06/2020,CARAGA,2020
DINAGAT ISLANDS,0,0,05/07/2020,CARAGA,2020
DINAGAT ISLANDS,0,0,12/07/2020,CARAGA,2020
DINAGAT ISLANDS,0,0,19/07/2020,CARAGA,2020
DINAGAT ISLANDS,0,0,26/07/2020,CARAGA,2020
DINAGAT ISLANDS,0,0,02/08/2020,CARAGA,2020
DINAGAT ISLANDS,0,0,09/08/2020,CARAGA,2020
DINAGAT ISLANDS,1,0,16/08/2020,CARAGA,2020
DINAGAT ISLANDS,0,0,23/08/2020,CARAGA,2020
DINAGAT ISLANDS,0,0,30/08/2020,CARAGA,2020
DINAGAT ISLANDS,0,0,13/09/2020,CARAGA,2020
DINAGAT ISLANDS,0,0,27/09/2020,CARAGA,2020
DINAGAT ISLANDS,0,0,11/10/2020,CARAGA,2020
DINAGAT ISLANDS,0,0,25/10/2020,CARAGA,2020
DINAGAT ISLANDS,0,0,08/11/2020,CARAGA,2020
DINAGAT ISLANDS,0,0,22/11/2020,CARAGA,2020
DINAGAT ISLANDS,0,0,29/11/2020,CARAGA,2020
DINAGAT ISLANDS,0,0,06/12/2020,CARAGA,2020
DINAGAT ISLANDS,1,0,13/12/2020,CARAGA,2020
DINAGAT ISLANDS,1,0,20/12/2020,CARAGA,2020
DINAGAT ISLANDS,0,0,27/12/2020,CARAGA,2020
DINAGAT ISLANDS,0,0,06/09/2020,CARAGA,2020
DINAGAT ISLANDS,0,0,20/09/2020,CARAGA,2020
DINAGAT ISLANDS,0,1,04/10/2020,CARAGA,2020
DINAGAT ISLANDS,0,0,18/10/2020,CARAGA,2020
DINAGAT ISLANDS,0,0,01/11/2020,CARAGA,2020
GENERAL SANTOS CITY,11,0,10/05/2020,REGION XII-SOCCSKSARGEN,2020
GENERAL SANTOS CITY,9,1,17/05/2020,REGION XII-SOCCSKSARGEN,2020
GENERAL SANTOS CITY,8,1,24/05/2020,REGION XII-SOCCSKSARGEN,2020
GENERAL SANTOS CITY,5,0,31/05/2020,REGION XII-SOCCSKSARGEN,2020
GENERAL SANTOS CITY,8,0,07/06/2020,REGION XII-SOCCSKSARGEN,2020
GENERAL SANTOS CITY,8,0,14/06/2020,REGION XII-SOCCSKSARGEN,2020
GENERAL SANTOS CITY,9,0,21/06/2020,REGION XII-SOCCSKSARGEN,2020
GENERAL SANTOS CITY,9,0,28/06/2020,REGION XII-SOCCSKSARGEN,2020
GENERAL SANTOS CITY,11,0,05/07/2020,REGION XII-SOCCSKSARGEN,2020
GENERAL SANTOS CITY,7,0,12/07/2020,REGION XII-SOCCSKSARGEN,2020
GENERAL SANTOS CITY,8,0,19/07/2020,REGION XII-SOCCSKSARGEN,2020
GENERAL SANTOS CITY,11,0,26/07/2020,REGION XII-SOCCSKSARGEN,2020
GENERAL SANTOS CITY,13,0,02/08/2020,REGION XII-SOCCSKSARGEN,2020
GENERAL SANTOS CITY,9,0,09/08/2020,REGION XII-SOCCSKSARGEN,2020
GENERAL SANTOS CITY,6,0,16/08/2020,REGION XII-SOCCSKSARGEN,2020
GENERAL SANTOS CITY,8,0,23/08/2020,REGION XII-SOCCSKSARGEN,2020
GENERAL SANTOS CITY,8,0,30/08/2020,REGION XII-SOCCSKSARGEN,2020
GENERAL SANTOS CITY,9,0,13/09/2020,REGION XII-SOCCSKSARGEN,2020
GENERAL SANTOS CITY,9,0,27/09/2020,REGION XII-SOCCSKSARGEN,2020
GENERAL SANTOS CITY,4,0,11/10/2020,REGION XII-SOCCSKSARGEN,2020
GENERAL SANTOS CITY,2,0,25/10/2020,REGION XII-SOCCSKSARGEN,2020
GENERAL SANTOS CITY,3,0,08/11/2020,REGION XII-SOCCSKSARGEN,2020
GENERAL SANTOS CITY,3,0,22/11/2020,REGION XII-SOCCSKSARGEN,2020
GENERAL SANTOS CITY,2,0,29/11/2020,REGION XII-SOCCSKSARGEN,2020
GENERAL SANTOS CITY,8,0,06/12/2020,REGION XII-SOCCSKSARGEN,2020
GENERAL SANTOS CITY,11,0,13/12/2020,REGION XII-SOCCSKSARGEN,2020
GENERAL SANTOS CITY,15,0,20/12/2020,REGION XII-SOCCSKSARGEN,2020
GENERAL SANTOS CITY,9,0,27/12/2020,REGION XII-SOCCSKSARGEN,2020
GENERAL SANTOS CITY,0,7,06/09/2020,REGION XII-SOCCSKSARGEN,2020
GENERAL SANTOS CITY,0,3,20/09/2020,REGION XII-SOCCSKSARGEN,2020
GENERAL SANTOS CITY,0,3,04/10/2020,REGION XII-SOCCSKSARGEN,2020
GENERAL SANTOS CITY,0,3,18/10/2020,REGION XII-SOCCSKSARGEN,2020
GENERAL SANTOS CITY,0,3,01/11/2020,REGION XII-SOCCSKSARGEN,2020
GENERAL SANTOS CITY,16,1,12/01/2020,REGION XII-SOCCSKSARGEN,2020
GENERAL SANTOS CITY,22,0,19/01/2020,REGION XII-SOCCSKSARGEN,2020
GENERAL SANTOS CITY,22,0,26/01/2020,REGION XII-SOCCSKSARGEN,2020
GENERAL SANTOS CITY,22,0,02/02/2020,REGION XII-SOCCSKSARGEN,2020
GENERAL SANTOS CITY,17,0,09/02/2020,REGION XII-SOCCSKSARGEN,2020
GENERAL SANTOS CITY,32,0,16/02/2020,REGION XII-SOCCSKSARGEN,2020
GENERAL SANTOS CITY,25,0,23/02/2020,REGION XII-SOCCSKSARGEN,2020
GENERAL SANTOS CITY,27,0,01/03/2020,REGION XII-SOCCSKSARGEN,2020
GENERAL SANTOS CITY,23,0,08/03/2020,REGION XII-SOCCSKSARGEN,2020
GENERAL SANTOS CITY,27,0,15/03/2020,REGION XII-SOCCSKSARGEN,2020
GENERAL SANTOS CITY,22,0,22/03/2020,REGION XII-SOCCSKSARGEN,2020
GENERAL SANTOS CITY,10,0,29/03/2020,REGION XII-SOCCSKSARGEN,2020
GENERAL SANTOS CITY,21,0,05/04/2020,REGION XII-SOCCSKSARGEN,2020
GENERAL SANTOS CITY,13,0,12/04/2020,REGION XII-SOCCSKSARGEN,2020
GENERAL SANTOS CITY,5,0,19/04/2020,REGION XII-SOCCSKSARGEN,2020
GENERAL SANTOS CITY,6,0,26/04/2020,REGION XII-SOCCSKSARGEN,2020
GENERAL SANTOS CITY,9,1,03/05/2020,REGION XII-SOCCSKSARGEN,2020
IFUGAO,2,0,12/01/2020,CAR,2020
IFUGAO,3,0,19/01/2020,CAR,2020
IFUGAO,5,0,26/01/2020,CAR,2020
IFUGAO,2,0,02/02/2020,CAR,2020
IFUGAO,3,0,09/02/2020,CAR,2020
IFUGAO,5,0,16/02/2020,CAR,2020
IFUGAO,2,0,23/02/2020,CAR,2020
IFUGAO,1,0,01/03/2020,CAR,2020
IFUGAO,1,0,08/03/2020,CAR,2020
IFUGAO,1,0,15/03/2020,CAR,2020
IFUGAO,0,0,22/03/2020,CAR,2020
IFUGAO,3,0,29/03/2020,CAR,2020
IFUGAO,1,0,05/04/2020,CAR,2020
IFUGAO,1,0,12/04/2020,CAR,2020
IFUGAO,2,0,19/04/2020,CAR,2020
IFUGAO,0,0,26/04/2020,CAR,2020
IFUGAO,2,0,03/05/2020,CAR,2020
IFUGAO,0,0,10/05/2020,CAR,2020
IFUGAO,0,0,17/05/2020,CAR,2020
IFUGAO,3,0,24/05/2020,CAR,2020
IFUGAO,0,0,31/05/2020,CAR,2020
IFUGAO,2,0,07/06/2020,CAR,2020
IFUGAO,0,0,14/06/2020,CAR,2020
IFUGAO,2,0,21/06/2020,CAR,2020
IFUGAO,0,0,28/06/2020,CAR,2020
IFUGAO,0,0,05/07/2020,CAR,2020
IFUGAO,1,0,12/07/2020,CAR,2020
IFUGAO,4,0,19/07/2020,CAR,2020
IFUGAO,0,0,26/07/2020,CAR,2020
IFUGAO,1,0,02/08/2020,CAR,2020
IFUGAO,0,0,09/08/2020,CAR,2020
IFUGAO,3,0,16/08/2020,CAR,2020
IFUGAO,1,0,23/08/2020,CAR,2020
IFUGAO,1,0,30/08/2020,CAR,2020
IFUGAO,1,0,13/09/2020,CAR,2020
IFUGAO,0,0,27/09/2020,CAR,2020
IFUGAO,0,0,11/10/2020,CAR,2020
IFUGAO,1,0,25/10/2020,CAR,2020
IFUGAO,2,0,08/11/2020,CAR,2020
IFUGAO,1,0,22/11/2020,CAR,2020
IFUGAO,0,0,29/11/2020,CAR,2020
IFUGAO,2,0,06/12/2020,CAR,2020
IFUGAO,2,0,13/12/2020,CAR,2020
IFUGAO,1,0,20/12/2020,CAR,2020
IFUGAO,0,0,27/12/2020,CAR,2020
IFUGAO,0,0,06/09/2020,CAR,2020
IFUGAO,0,1,20/09/2020,CAR,2020
IFUGAO,0,3,04/10/2020,CAR,2020
IFUGAO,0,2,18/10/2020,CAR,2020
IFUGAO,0,1,01/11/2020,CAR,2020
KALINGA,9,0,12/01/2020,CAR,2020
KALINGA,9,0,19/01/2020,CAR,2020
KALINGA,6,0,26/01/2020,CAR,2020
KALINGA,9,0,02/02/2020,CAR,2020
KALINGA,3,0,09/02/2020,CAR,2020
KALINGA,8,0,16/02/2020,CAR,2020
KALINGA,5,0,23/02/2020,CAR,2020
KALINGA,5,0,01/03/2020,CAR,2020
KALINGA,5,0,08/03/2020,CAR,2020
KALINGA,11,0,15/03/2020,CAR,2020
KALINGA,1,0,22/03/2020,CAR,2020
KALINGA,1,0,29/03/2020,CAR,2020
KALINGA,3,0,05/04/2020,CAR,2020
KALINGA,0,0,12/04/2020,CAR,2020
KALINGA,1,0,19/04/2020,CAR,2020
KALINGA,1,0,26/04/2020,CAR,2020
KALINGA,1,0,03/05/2020,CAR,2020
KALINGA,2,0,10/05/2020,CAR,2020
KALINGA,1,0,17/05/2020,CAR,2020
KALINGA,0,0,24/05/2020,CAR,2020
KALINGA,1,0,31/05/2020,CAR,2020
KALINGA,3,0,07/06/2020,CAR,2020
KALINGA,2,0,14/06/2020,CAR,2020
KALINGA,1,0,21/06/2020,CAR,2020
KALINGA,0,0,28/06/2020,CAR,2020
KALINGA,3,0,05/07/2020,CAR,2020
KALINGA,1,0,12/07/2020,CAR,2020
KALINGA,0,0,19/07/2020,CAR,2020
KALINGA,1,0,26/07/2020,CAR,2020
KALINGA,2,0,02/08/2020,CAR,2020
KALINGA,0,0,09/08/2020,CAR,2020
KALINGA,5,0,16/08/2020,CAR,2020
KALINGA,4,0,23/08/2020,CAR,2020
KALINGA,1,0,30/08/2020,CAR,2020
KALINGA,4,0,13/09/2020,CAR,2020
KALINGA,4,0,27/09/2020,CAR,2020
KALINGA,4,0,11/10/2020,CAR,2020
KALINGA,3,0,25/10/2020,CAR,2020
KALINGA,2,0,08/11/2020,CAR,2020
KALINGA,2,0,22/11/2020,CAR,2020
KALINGA,3,0,29/11/2020,CAR,2020
KALINGA,12,1,06/12/2020,CAR,2020
KALINGA,7,0,13/12/2020,CAR,2020
KALINGA,2,0,20/12/2020,CAR,2020
KALINGA,4,0,27/12/2020,CAR,2020
KALINGA,0,3,06/09/2020,CAR,2020
KALINGA,0,2,20/09/2020,CAR,2020
KALINGA,0,3,04/10/2020,CAR,2020
KALINGA,0,5,18/10/2020,CAR,2020
KALINGA,0,3,01/11/2020,CAR,2020
LANAO DEL SUR,30,1,12/01/2020,BARMM,2020
LANAO DEL SUR,38,0,19/01/2020,BARMM,2020
LANAO DEL SUR,33,0,26/01/2020,BARMM,2020
LANAO DEL SUR,33,0,02/02/2020,BARMM,2020
LANAO DEL SUR,24,0,09/02/2020,BARMM,2020
LANAO DEL SUR,28,0,16/02/2020,BARMM,2020
LANAO DEL SUR,29,0,23/02/2020,BARMM,2020
LANAO DEL SUR,31,0,01/03/2020,BARMM,2020
LANAO DEL SUR,24,0,08/03/2020,BARMM,2020
LANAO DEL SUR,30,0,15/03/2020,BARMM,2020
LANAO DEL SUR,12,0,22/03/2020,BARMM,2020
LANAO DEL SUR,6,0,29/03/2020,BARMM,2020
LANAO DEL SUR,5,0,05/04/2020,BARMM,2020
LANAO DEL SUR,5,0,12/04/2020,BARMM,2020
LANAO DEL SUR,3,0,19/04/2020,BARMM,2020
LANAO DEL SUR,2,0,26/04/2020,BARMM,2020
LANAO DEL SUR,3,0,03/05/2020,BARMM,2020
LANAO DEL SUR,1,0,10/05/2020,BARMM,2020
LANAO DEL SUR,2,0,17/05/2020,BARMM,2020
LANAO DEL SUR,4,0,24/05/2020,BARMM,2020
LANAO DEL SUR,4,0,31/05/2020,BARMM,2020
LANAO DEL SUR,4,0,07/06/2020,BARMM,2020
LANAO DEL SUR,5,0,14/06/2020,BARMM,2020
LANAO DEL SUR,8,0,21/06/2020,BARMM,2020
LANAO DEL SUR,7,0,28/06/2020,BARMM,2020
LANAO DEL SUR,10,0,05/07/2020,BARMM,2020
LANAO DEL SUR,3,0,12/07/2020,BARMM,2020
LANAO DEL SUR,16,0,19/07/2020,BARMM,2020
LANAO DEL SUR,24,0,26/07/2020,BARMM,2020
LANAO DEL SUR,11,0,02/08/2020,BARMM,2020
LANAO DEL SUR,13,0,09/08/2020,BARMM,2020
LANAO DEL SUR,13,0,16/08/2020,BARMM,2020
LANAO DEL SUR,13,0,23/08/2020,BARMM,2020
LANAO DEL SUR,12,0,30/08/2020,BARMM,2020
LANAO DEL SUR,3,0,13/09/2020,BARMM,2020
LANAO DEL SUR,6,0,27/09/2020,BARMM,2020
LANAO DEL SUR,6,0,11/10/2020,BARMM,2020
LANAO DEL SUR,2,0,25/10/2020,BARMM,2020
LANAO DEL SUR,2,0,08/11/2020,BARMM,2020
LANAO DEL SUR,4,0,22/11/2020,BARMM,2020
LANAO DEL SUR,5,0,29/11/2020,BARMM,2020
LANAO DEL SUR,3,0,06/12/2020,BARMM,2020
LANAO DEL SUR,4,0,13/12/2020,BARMM,2020
LANAO DEL SUR,8,0,20/12/2020,BARMM,2020
LANAO DEL SUR,1,0,27/12/2020,BARMM,2020
LANAO DEL SUR,0,4,06/09/2020,BARMM,2020
LANAO DEL SUR,0,0,20/09/2020,BARMM,2020
LANAO DEL SUR,0,5,04/10/2020,BARMM,2020
LANAO DEL SUR,0,3,18/10/2020,BARMM,2020
LANAO DEL SUR,0,0,01/11/2020,BARMM,2020
LAS PINAS CITY,21,0,12/01/2020,NATIONAL CAPITAL REGION,2020
LAS PINAS CITY,53,0,19/01/2020,NATIONAL CAPITAL REGION,2020
LAS PINAS CITY,44,0,26/01/2020,NATIONAL CAPITAL REGION,2020
LAS PINAS CITY,41,0,02/02/2020,NATIONAL CAPITAL REGION,2020
LAS PINAS CITY,22,1,09/02/2020,NATIONAL CAPITAL REGION,2020
LAS PINAS CITY,17,0,16/02/2020,NATIONAL CAPITAL REGION,2020
LAS PINAS CITY,14,0,23/02/2020,NATIONAL CAPITAL REGION,2020
LAS PINAS CITY,17,0,01/03/2020,NATIONAL CAPITAL REGION,2020
LAS PINAS CITY,12,0,08/03/2020,NATIONAL CAPITAL REGION,2020
LAS PINAS CITY,5,0,15/03/2020,NATIONAL CAPITAL REGION,2020
LAS PINAS CITY,3,0,22/03/2020,NATIONAL CAPITAL REGION,2020
LAS PINAS CITY,0,0,29/03/2020,NATIONAL CAPITAL REGION,2020
LAS PINAS CITY,0,0,05/04/2020,NATIONAL CAPITAL REGION,2020
LAS PINAS CITY,0,0,12/04/2020,NATIONAL CAPITAL REGION,2020
LAS PINAS CITY,1,0,19/04/2020,NATIONAL CAPITAL REGION,2020
LAS PINAS CITY,1,0,26/04/2020,NATIONAL CAPITAL REGION,2020
LAS PINAS CITY,0,0,03/05/2020,NATIONAL CAPITAL REGION,2020
LAS PINAS CITY,0,0,10/05/2020,NATIONAL CAPITAL REGION,2020
LAS PINAS CITY,0,0,17/05/2020,NATIONAL CAPITAL REGION,2020
LAS PINAS CITY,0,0,24/05/2020,NATIONAL CAPITAL REGION,2020
LAS PINAS CITY,0,0,31/05/2020,NATIONAL CAPITAL REGION,2020
LAS PINAS CITY,0,0,07/06/2020,NATIONAL CAPITAL REGION,2020
LAS PINAS CITY,1,0,14/06/2020,NATIONAL CAPITAL REGION,2020
LAS PINAS CITY,0,0,21/06/2020,NATIONAL CAPITAL REGION,2020
LAS PINAS CITY,0,0,28/06/2020,NATIONAL CAPITAL REGION,2020
LAS PINAS CITY,0,0,05/07/2020,NATIONAL CAPITAL REGION,2020
LAS PINAS CITY,1,0,12/07/2020,NATIONAL CAPITAL REGION,2020
LAS PINAS CITY,0,0,19/07/2020,NATIONAL CAPITAL REGION,2020
LAS PINAS CITY,0,0,26/07/2020,NATIONAL CAPITAL REGION,2020
LAS PINAS CITY,1,0,02/08/2020,NATIONAL CAPITAL REGION,2020
LAS PINAS CITY,1,0,09/08/2020,NATIONAL CAPITAL REGION,2020
LAS PINAS CITY,1,0,16/08/2020,NATIONAL CAPITAL REGION,2020
LAS PINAS CITY,0,0,23/08/2020,NATIONAL CAPITAL REGION,2020
LAS PINAS CITY,1,0,30/08/2020,NATIONAL CAPITAL REGION,2020
LAS PINAS CITY,4,0,13/09/2020,NATIONAL CAPITAL REGION,2020
LAS PINAS CITY,0,0,27/09/2020,NATIONAL CAPITAL REGION,2020
LAS PINAS CITY,0,0,11/10/2020,NATIONAL CAPITAL REGION,2020
LAS PINAS CITY,2,0,25/10/2020,NATIONAL CAPITAL REGION,2020
LAS PINAS CITY,3,0,08/11/2020,NATIONAL CAPITAL REGION,2020
LAS PINAS CITY,3,0,22/11/2020,NATIONAL CAPITAL REGION,2020
LAS PINAS CITY,10,0,29/11/2020,NATIONAL CAPITAL REGION,2020
LAS PINAS CITY,3,0,06/12/2020,NATIONAL CAPITAL REGION,2020
LAS PINAS CITY,6,0,13/12/2020,NATIONAL CAPITAL REGION,2020
LAS PINAS CITY,4,0,20/12/2020,NATIONAL CAPITAL REGION,2020
LAS PINAS CITY,2,0,27/12/2020,NATIONAL CAPITAL REGION,2020
LAS PINAS CITY,0,1,06/09/2020,NATIONAL CAPITAL REGION,2020
LAS PINAS CITY,0,2,20/09/2020,NATIONAL CAPITAL REGION,2020
LAS PINAS CITY,0,2,04/10/2020,NATIONAL CAPITAL REGION,2020
LAS PINAS CITY,0,0,18/10/2020,NATIONAL CAPITAL REGION,2020
LAS PINAS CITY,0,2,01/11/2020,NATIONAL CAPITAL REGION,2020
MAGUINDANAO,4,0,12/01/2020,BARMM,2020
MAGUINDANAO,11,0,19/01/2020,BARMM,2020
MAGUINDANAO,11,0,26/01/2020,BARMM,2020
MAGUINDANAO,20,0,02/02/2020,BARMM,2020
MAGUINDANAO,15,0,09/02/2020,BARMM,2020
MAGUINDANAO,23,0,16/02/2020,BARMM,2020
MAGUINDANAO,12,2,23/02/2020,BARMM,2020
MAGUINDANAO,13,0,01/03/2020,BARMM,2020
MAGUINDANAO,12,1,08/03/2020,BARMM,2020
MAGUINDANAO,7,0,15/03/2020,BARMM,2020
MAGUINDANAO,8,1,22/03/2020,BARMM,2020
MAGUINDANAO,8,0,29/03/2020,BARMM,2020
MAGUINDANAO,1,0,05/04/2020,BARMM,2020
MAGUINDANAO,0,0,12/04/2020,BARMM,2020
MAGUINDANAO,1,0,19/04/2020,BARMM,2020
MAGUINDANAO,0,0,26/04/2020,BARMM,2020
MAGUINDANAO,3,0,03/05/2020,BARMM,2020
MAGUINDANAO,1,0,10/05/2020,BARMM,2020
MAGUINDANAO,2,0,17/05/2020,BARMM,2020
MAGUINDANAO,3,0,24/05/2020,BARMM,2020
MAGUINDANAO,2,0,31/05/2020,BARMM,2020
MAGUINDANAO,6,0,07/06/2020,BARMM,2020
MAGUINDANAO,0,0,14/06/2020,BARMM,2020
MAGUINDANAO,7,0,21/06/2020,BARMM,2020
MAGUINDANAO,7,0,28/06/2020,BARMM,2020
MAGUINDANAO,6,0,05/07/2020,BARMM,2020
MAGUINDANAO,10,0,12/07/2020,BARMM,2020
MAGUINDANAO,9,0,19/07/2020,BARMM,2020
MAGUINDANAO,11,0,26/07/2020,BARMM,2020
MAGUINDANAO,5,0,02/08/2020,BARMM,2020
MAGUINDANAO,4,0,09/08/2020,BARMM,2020
MAGUINDANAO,4,0,16/08/2020,BARMM,2020
MAGUINDANAO,7,0,23/08/2020,BARMM,2020
MAGUINDANAO,3,0,30/08/2020,BARMM,2020
MAGUINDANAO,4,0,13/09/2020,BARMM,2020
MAGUINDANAO,1,0,27/09/2020,BARMM,2020
MAGUINDANAO,1,0,11/10/2020,BARMM,2020
MAGUINDANAO,3,0,25/10/2020,BARMM,2020
MAGUINDANAO,2,0,08/11/2020,BARMM,2020
MAGUINDANAO,1,0,22/11/2020,BARMM,2020
MAGUINDANAO,0,0,29/11/2020,BARMM,2020
MAGUINDANAO,1,0,06/12/2020,BARMM,2020
MAGUINDANAO,1,0,13/12/2020,BARMM,2020
MAGUINDANAO,1,0,20/12/2020,BARMM,2020
MAGUINDANAO,0,0,27/12/2020,BARMM,2020
MAGUINDANAO,0,3,06/09/2020,BARMM,2020
MAGUINDANAO,0,0,20/09/2020,BARMM,2020
MAGUINDANAO,0,0,04/10/2020,BARMM,2020
MAGUINDANAO,0,0,18/10/2020,BARMM,2020
MAGUINDANAO,0,0,01/11/2020,BARMM,2020
MAKATI CITY,9,0,12/01/2020,NATIONAL CAPITAL REGION,2020
MAKATI CITY,32,1,19/01/2020,NATIONAL CAPITAL REGION,2020
MAKATI CITY,26,0,26/01/2020,NATIONAL CAPITAL REGION,2020
MAKATI CITY,29,0,02/02/2020,NATIONAL CAPITAL REGION,2020
MAKATI CITY,25,0,09/02/2020,NATIONAL CAPITAL REGION,2020
MAKATI CITY,22,0,16/02/2020,NATIONAL CAPITAL REGION,2020
MAKATI CITY,10,0,23/02/2020,NATIONAL CAPITAL REGION,2020
MAKATI CITY,9,0,01/03/2020,NATIONAL CAPITAL REGION,2020
MAKATI CITY,16,0,08/03/2020,NATIONAL CAPITAL REGION,2020
MAKATI CITY,11,1,15/03/2020,NATIONAL CAPITAL REGION,2020
MAKATI CITY,4,0,22/03/2020,NATIONAL CAPITAL REGION,2020
MAKATI CITY,7,0,29/03/2020,NATIONAL CAPITAL REGION,2020
MAKATI CITY,7,0,05/04/2020,NATIONAL CAPITAL REGION,2020
MAKATI CITY,5,0,12/04/2020,NATIONAL CAPITAL REGION,2020
MAKATI CITY,5,0,19/04/2020,NATIONAL CAPITAL REGION,2020
MAKATI CITY,3,0,26/04/2020,NATIONAL CAPITAL REGION,2020
MAKATI CITY,1,0,03/05/2020,NATIONAL CAPITAL REGION,2020
MAKATI CITY,0,0,10/05/2020,NATIONAL CAPITAL REGION,2020
MAKATI CITY,3,0,17/05/2020,NATIONAL CAPITAL REGION,2020
MAKATI CITY,4,0,24/05/2020,NATIONAL CAPITAL REGION,2020
MAKATI CITY,1,0,31/05/2020,NATIONAL CAPITAL REGION,2020
MAKATI CITY,0,0,07/06/2020,NATIONAL CAPITAL REGION,2020
MAKATI CITY,0,0,14/06/2020,NATIONAL CAPITAL REGION,2020
MAKATI CITY,0,0,21/06/2020,NATIONAL CAPITAL REGION,2020
MAKATI CITY,0,0,28/06/2020,NATIONAL CAPITAL REGION,2020
MAKATI CITY,1,0,05/07/2020,NATIONAL CAPITAL REGION,2020
MAKATI CITY,0,0,12/07/2020,NATIONAL CAPITAL REGION,2020
MAKATI CITY,0,0,19/07/2020,NATIONAL CAPITAL REGION,2020
MAKATI CITY,1,0,26/07/2020,NATIONAL CAPITAL REGION,2020
MAKATI CITY,0,0,02/08/2020,NATIONAL CAPITAL REGION,2020
MAKATI CITY,1,0,09/08/2020,NATIONAL CAPITAL REGION,2020
MAKATI CITY,0,0,16/08/2020,NATIONAL CAPITAL REGION,2020
MAKATI CITY,1,0,23/08/2020,NATIONAL CAPITAL REGION,2020
MAKATI CITY,1,0,30/08/2020,NATIONAL CAPITAL REGION,2020
MAKATI CITY,1,0,13/09/2020,NATIONAL CAPITAL REGION,2020
MAKATI CITY,2,0,27/09/2020,NATIONAL CAPITAL REGION,2020
MAKATI CITY,3,0,11/10/2020,NATIONAL CAPITAL REGION,2020
MAKATI CITY,0,0,25/10/2020,NATIONAL CAPITAL REGION,2020
MAKATI CITY,8,0,08/11/2020,NATIONAL CAPITAL REGION,2020
MAKATI CITY,7,0,22/11/2020,NATIONAL CAPITAL REGION,2020
MAKATI CITY,11,0,29/11/2020,NATIONAL CAPITAL REGION,2020
MAKATI CITY,10,0,06/12/2020,NATIONAL CAPITAL REGION,2020
MAKATI CITY,17,0,13/12/2020,NATIONAL CAPITAL REGION,2020
MAKATI CITY,6,0,20/12/2020,NATIONAL CAPITAL REGION,2020
MAKATI CITY,9,0,27/12/2020,NATIONAL CAPITAL REGION,2020
MAKATI CITY,0,3,06/09/2020,NATIONAL CAPITAL REGION,2020
MAKATI CITY,0,3,20/09/2020,NATIONAL CAPITAL REGION,2020
MAKATI CITY,0,4,04/10/2020,NATIONAL CAPITAL REGION,2020
MAKATI CITY,0,4,18/10/2020,NATIONAL CAPITAL REGION,2020
MAKATI CITY,0,7,01/11/2020,NATIONAL CAPITAL REGION,2020
MALABON CITY,19,0,12/01/2020,NATIONAL CAPITAL REGION,2020
MALABON CITY,54,0,19/01/2020,NATIONAL CAPITAL REGION,2020
MALABON CITY,34,0,26/01/2020,NATIONAL CAPITAL REGION,2020
MALABON CITY,17,0,02/02/2020,NATIONAL CAPITAL REGION,2020
MALABON CITY,26,0,09/02/2020,NATIONAL CAPITAL REGION,2020
MALABON CITY,36,0,16/02/2020,NATIONAL CAPITAL REGION,2020
MALABON CITY,19,0,23/02/2020,NATIONAL CAPITAL REGION,2020
MALABON CITY,19,0,01/03/2020,NATIONAL CAPITAL REGION,2020
MALABON CITY,10,0,08/03/2020,NATIONAL CAPITAL REGION,2020
MALABON CITY,10,0,15/03/2020,NATIONAL CAPITAL REGION,2020
MALABON CITY,13,0,22/03/2020,NATIONAL CAPITAL REGION,2020
MALABON CITY,9,0,29/03/2020,NATIONAL CAPITAL REGION,2020
MALABON CITY,4,0,05/04/2020,NATIONAL CAPITAL REGION,2020
MALABON CITY,1,0,12/04/2020,NATIONAL CAPITAL REGION,2020
MALABON CITY,0,0,19/04/2020,NATIONAL CAPITAL REGION,2020
MALABON CITY,0,0,26/04/2020,NATIONAL CAPITAL REGION,2020
MALABON CITY,2,0,03/05/2020,NATIONAL CAPITAL REGION,2020
MALABON CITY,0,0,10/05/2020,NATIONAL CAPITAL REGION,2020
MALABON CITY,4,0,17/05/2020,NATIONAL CAPITAL REGION,2020
MALABON CITY,0,0,24/05/2020,NATIONAL CAPITAL REGION,2020
MALABON CITY,4,0,31/05/2020,NATIONAL CAPITAL REGION,2020
MALABON CITY,1,0,07/06/2020,NATIONAL CAPITAL REGION,2020
MALABON CITY,0,0,14/06/2020,NATIONAL CAPITAL REGION,2020
MALABON CITY,4,0,21/06/2020,NATIONAL CAPITAL REGION,2020
MALABON CITY,1,0,28/06/2020,NATIONAL CAPITAL REGION,2020
MALABON CITY,3,0,05/07/2020,NATIONAL CAPITAL REGION,2020
MALABON CITY,2,0,12/07/2020,NATIONAL CAPITAL REGION,2020
MALABON CITY,3,0,19/07/2020,NATIONAL CAPITAL REGION,2020
MALABON CITY,0,0,26/07/2020,NATIONAL CAPITAL REGION,2020
MALABON CITY,1,0,02/08/2020,NATIONAL CAPITAL REGION,2020
MALABON CITY,0,0,09/08/2020,NATIONAL CAPITAL REGION,2020
MALABON CITY,1,0,16/08/2020,NATIONAL CAPITAL REGION,2020
MALABON CITY,1,0,23/08/2020,NATIONAL CAPITAL REGION,2020
MALABON CITY,1,0,30/08/2020,NATIONAL CAPITAL REGION,2020
MALABON CITY,1,0,13/09/2020,NATIONAL CAPITAL REGION,2020
MALABON CITY,4,0,27/09/2020,NATIONAL CAPITAL REGION,2020
MALABON CITY,4,0,11/10/2020,NATIONAL CAPITAL REGION,2020
MALABON CITY,2,0,25/10/2020,NATIONAL CAPITAL REGION,2020
MALABON CITY,5,0,08/11/2020,NATIONAL CAPITAL REGION,2020
MALABON CITY,9,0,22/11/2020,NATIONAL CAPITAL REGION,2020
MALABON CITY,14,0,29/11/2020,NATIONAL CAPITAL REGION,2020
MALABON CITY,8,0,06/12/2020,NATIONAL CAPITAL REGION,2020
MALABON CITY,12,0,13/12/2020,NATIONAL CAPITAL REGION,2020
MALABON CITY,7,0,20/12/2020,NATIONAL CAPITAL REGION,2020
MALABON CITY,5,0,27/12/2020,NATIONAL CAPITAL REGION,2020
MALABON CITY,0,3,06/09/2020,NATIONAL CAPITAL REGION,2020
MALABON CITY,0,2,20/09/2020,NATIONAL CAPITAL REGION,2020
MALABON CITY,0,4,04/10/2020,NATIONAL CAPITAL REGION,2020
MALABON CITY,0,5,18/10/2020,NATIONAL CAPITAL REGION,2020
MALABON CITY,0,11,01/11/2020,NATIONAL CAPITAL REGION,2020
MANDALUYONG CITY,39,0,12/01/2020,NATIONAL CAPITAL REGION,2020
MANDALUYONG CITY,48,0,19/01/2020,NATIONAL CAPITAL REGION,2020
MANDALUYONG CITY,26,0,26/01/2020,NATIONAL CAPITAL REGION,2020
MANDALUYONG CITY,13,0,02/02/2020,NATIONAL CAPITAL REGION,2020
MANDALUYONG CITY,5,0,09/02/2020,NATIONAL CAPITAL REGION,2020
MANDALUYONG CITY,4,0,16/02/2020,NATIONAL CAPITAL REGION,2020
MANDALUYONG CITY,1,0,23/02/2020,NATIONAL CAPITAL REGION,2020
MANDALUYONG CITY,4,0,01/03/2020,NATIONAL CAPITAL REGION,2020
MANDALUYONG CITY,4,0,08/03/2020,NATIONAL CAPITAL REGION,2020
MANDALUYONG CITY,2,0,15/03/2020,NATIONAL CAPITAL REGION,2020
MANDALUYONG CITY,3,0,22/03/2020,NATIONAL CAPITAL REGION,2020
MANDALUYONG CITY,3,0,29/03/2020,NATIONAL CAPITAL REGION,2020
MANDALUYONG CITY,1,0,05/04/2020,NATIONAL CAPITAL REGION,2020
MANDALUYONG CITY,0,0,12/04/2020,NATIONAL CAPITAL REGION,2020
MANDALUYONG CITY,0,0,19/04/2020,NATIONAL CAPITAL REGION,2020
MANDALUYONG CITY,0,0,26/04/2020,NATIONAL CAPITAL REGION,2020
MANDALUYONG CITY,0,0,03/05/2020,NATIONAL CAPITAL REGION,2020
MANDALUYONG CITY,0,0,10/05/2020,NATIONAL CAPITAL REGION,2020
MANDALUYONG CITY,3,0,17/05/2020,NATIONAL CAPITAL REGION,2020
MANDALUYONG CITY,0,0,24/05/2020,NATIONAL CAPITAL REGION,2020
MANDALUYONG CITY,0,0,31/05/2020,NATIONAL CAPITAL REGION,2020
MANDALUYONG CITY,0,0,07/06/2020,NATIONAL CAPITAL REGION,2020
MANDALUYONG CITY,2,0,14/06/2020,NATIONAL CAPITAL REGION,2020
MANDALUYONG CITY,0,0,21/06/2020,NATIONAL CAPITAL REGION,2020
MANDALUYONG CITY,0,0,28/06/2020,NATIONAL CAPITAL REGION,2020
MANDALUYONG CITY,0,0,05/07/2020,NATIONAL CAPITAL REGION,2020
MANDALUYONG CITY,1,0,12/07/2020,NATIONAL CAPITAL REGION,2020
MANDALUYONG CITY,0,0,19/07/2020,NATIONAL CAPITAL REGION,2020
MANDALUYONG CITY,0,0,26/07/2020,NATIONAL CAPITAL REGION,2020
MANDALUYONG CITY,1,0,02/08/2020,NATIONAL CAPITAL REGION,2020
MANDALUYONG CITY,1,0,09/08/2020,NATIONAL CAPITAL REGION,2020
MANDALUYONG CITY,0,0,16/08/2020,NATIONAL CAPITAL REGION,2020
MANDALUYONG CITY,2,0,23/08/2020,NATIONAL CAPITAL REGION,2020
MANDALUYONG CITY,1,0,30/08/2020,NATIONAL CAPITAL REGION,2020
MANDALUYONG CITY,2,0,13/09/2020,NATIONAL CAPITAL REGION,2020
MANDALUYONG CITY,2,0,27/09/2020,NATIONAL CAPITAL REGION,2020
MANDALUYONG CITY,0,0,11/10/2020,NATIONAL CAPITAL REGION,2020
MANDALUYONG CITY,4,0,25/10/2020,NATIONAL CAPITAL REGION,2020
MANDALUYONG CITY,2,0,08/11/2020,NATIONAL CAPITAL REGION,2020
MANDALUYONG CITY,7,0,22/11/2020,NATIONAL CAPITAL REGION,2020
MANDALUYONG CITY,6,0,29/11/2020,NATIONAL CAPITAL REGION,2020
MANDALUYONG CITY,2,0,06/12/2020,NATIONAL CAPITAL REGION,2020
MANDALUYONG CITY,4,0,13/12/2020,NATIONAL CAPITAL REGION,2020
MANDALUYONG CITY,2,0,20/12/2020,NATIONAL CAPITAL REGION,2020
MANDALUYONG CITY,1,0,27/12/2020,NATIONAL CAPITAL REGION,2020
MANDALUYONG CITY,0,1,06/09/2020,NATIONAL CAPITAL REGION,2020
MANDALUYONG CITY,0,1,20/09/2020,NATIONAL CAPITAL REGION,2020
MANDALUYONG CITY,0,3,04/10/2020,NATIONAL CAPITAL REGION,2020
MANDALUYONG CITY,0,2,18/10/2020,NATIONAL CAPITAL REGION,2020
MANDALUYONG CITY,0,4,01/11/2020,NATIONAL CAPITAL REGION,2020
MANILA CITY,53,0,12/01/2020,NATIONAL CAPITAL REGION,2020
MANILA CITY,92,0,19/01/2020,NATIONAL CAPITAL REGION,2020
MANILA CITY,63,1,26/01/2020,NATIONAL CAPITAL REGION,2020
MANILA CITY,46,0,02/02/2020,NATIONAL CAPITAL REGION,2020
MANILA CITY,49,0,09/02/2020,NATIONAL CAPITAL REGION,2020
MANILA CITY,43,0,16/02/2020,NATIONAL CAPITAL REGION,2020
MANILA CITY,40,0,23/02/2020,NATIONAL CAPITAL REGION,2020
MANILA CITY,32,0,01/03/2020,NATIONAL CAPITAL REGION,2020
MANILA CITY,30,0,08/03/2020,NATIONAL CAPITAL REGION,2020
MANILA CITY,27,0,15/03/2020,NATIONAL CAPITAL REGION,2020
MANILA CITY,16,0,22/03/2020,NATIONAL CAPITAL REGION,2020
MANILA CITY,8,0,29/03/2020,NATIONAL CAPITAL REGION,2020
MANILA CITY,5,0,05/04/2020,NATIONAL CAPITAL REGION,2020
MANILA CITY,5,0,12/04/2020,NATIONAL CAPITAL REGION,2020
MANILA CITY,2,0,19/04/2020,NATIONAL CAPITAL REGION,2020
MANILA CITY,0,0,26/04/2020,NATIONAL CAPITAL REGION,2020
MANILA CITY,1,0,03/05/2020,NATIONAL CAPITAL REGION,2020
MANILA CITY,0,0,10/05/2020,NATIONAL CAPITAL REGION,2020
MANILA CITY,2,0,17/05/2020,NATIONAL CAPITAL REGION,2020
MANILA CITY,1,0,24/05/2020,NATIONAL CAPITAL REGION,2020
MANILA CITY,0,0,31/05/2020,NATIONAL CAPITAL REGION,2020
MANILA CITY,2,0,07/06/2020,NATIONAL CAPITAL REGION,2020
MANILA CITY,0,0,14/06/2020,NATIONAL CAPITAL REGION,2020
MANILA CITY,4,0,21/06/2020,NATIONAL CAPITAL REGION,2020
MANILA CITY,1,0,28/06/2020,NATIONAL CAPITAL REGION,2020
MANILA CITY,1,0,05/07/2020,NATIONAL CAPITAL REGION,2020
MANILA CITY,0,0,12/07/2020,NATIONAL CAPITAL REGION,2020
MANILA CITY,1,0,19/07/2020,NATIONAL CAPITAL REGION,2020
MANILA CITY,2,0,26/07/2020,NATIONAL CAPITAL REGION,2020
MANILA CITY,1,0,02/08/2020,NATIONAL CAPITAL REGION,2020
MANILA CITY,1,0,09/08/2020,NATIONAL CAPITAL REGION,2020
MANILA CITY,1,0,16/08/2020,NATIONAL CAPITAL REGION,2020
MANILA CITY,4,0,23/08/2020,NATIONAL CAPITAL REGION,2020
MANILA CITY,0,0,30/08/2020,NATIONAL CAPITAL REGION,2020
MANILA CITY,4,0,13/09/2020,NATIONAL CAPITAL REGION,2020
MANILA CITY,7,0,27/09/2020,NATIONAL CAPITAL REGION,2020
MANILA CITY,1,0,11/10/2020,NATIONAL CAPITAL REGION,2020
MANILA CITY,16,0,25/10/2020,NATIONAL CAPITAL REGION,2020
MANILA CITY,19,0,08/11/2020,NATIONAL CAPITAL REGION,2020
MANILA CITY,7,0,22/11/2020,NATIONAL CAPITAL REGION,2020
MANILA CITY,15,0,29/11/2020,NATIONAL CAPITAL REGION,2020
MANILA CITY,21,0,06/12/2020,NATIONAL CAPITAL REGION,2020
MANILA CITY,17,0,13/12/2020,NATIONAL CAPITAL REGION,2020
MANILA CITY,19,1,20/12/2020,NATIONAL CAPITAL REGION,2020
MANILA CITY,19,0,27/12/2020,NATIONAL CAPITAL REGION,2020
MANILA CITY,0,5,06/09/2020,NATIONAL CAPITAL REGION,2020
MANILA CITY,0,4,20/09/2020,NATIONAL CAPITAL REGION,2020
MANILA CITY,0,7,04/10/2020,NATIONAL CAPITAL REGION,2020
MANILA CITY,0,10,18/10/2020,NATIONAL CAPITAL REGION,2020
MANILA CITY,0,6,01/11/2020,NATIONAL CAPITAL REGION,2020
MARIKINA CITY,19,0,12/01/2020,NATIONAL CAPITAL REGION,2020
MARIKINA CITY,36,0,19/01/2020,NATIONAL CAPITAL REGION,2020
MARIKINA CITY,24,0,26/01/2020,NATIONAL CAPITAL REGION,2020
MARIKINA CITY,27,0,02/02/2020,NATIONAL CAPITAL REGION,2020
MARIKINA CITY,14,0,09/02/2020,NATIONAL CAPITAL REGION,2020
MARIKINA CITY,26,1,16/02/2020,NATIONAL CAPITAL REGION,2020
MARIKINA CITY,12,1,23/02/2020,NATIONAL CAPITAL REGION,2020
MARIKINA CITY,3,0,01/03/2020,NATIONAL CAPITAL REGION,2020
MARIKINA CITY,12,0,08/03/2020,NATIONAL CAPITAL REGION,2020
MARIKINA CITY,8,0,15/03/2020,NATIONAL CAPITAL REGION,2020
MARIKINA CITY,8,0,22/03/2020,NATIONAL CAPITAL REGION,2020
MARIKINA CITY,3,0,29/03/2020,NATIONAL CAPITAL REGION,2020
MARIKINA CITY,1,0,05/04/2020,NATIONAL CAPITAL REGION,2020
MARIKINA CITY,3,0,12/04/2020,NATIONAL CAPITAL REGION,2020
MARIKINA CITY,0,0,19/04/2020,NATIONAL CAPITAL REGION,2020
MARIKINA CITY,1,0,26/04/2020,NATIONAL CAPITAL REGION,2020
MARIKINA CITY,1,0,03/05/2020,NATIONAL CAPITAL REGION,2020
MARIKINA CITY,0,0,10/05/2020,NATIONAL CAPITAL REGION,2020
MARIKINA CITY,0,0,17/05/2020,NATIONAL CAPITAL REGION,2020
MARIKINA CITY,1,0,24/05/2020,NATIONAL CAPITAL REGION,2020
MARIKINA CITY,1,0,31/05/2020,NATIONAL CAPITAL REGION,2020
MARIKINA CITY,0,0,07/06/2020,NATIONAL CAPITAL REGION,2020
MARIKINA CITY,0,0,14/06/2020,NATIONAL CAPITAL REGION,2020
MARIKINA CITY,1,0,21/06/2020,NATIONAL CAPITAL REGION,2020
MARIKINA CITY,0,0,28/06/2020,NATIONAL CAPITAL REGION,2020
MARIKINA CITY,2,0,05/07/2020,NATIONAL CAPITAL REGION,2020
MARIKINA CITY,0,0,12/07/2020,NATIONAL CAPITAL REGION,2020
MARIKINA CITY,1,0,19/07/2020,NATIONAL CAPITAL REGION,2020
MARIKINA CITY,2,0,26/07/2020,NATIONAL CAPITAL REGION,2020
MARIKINA CITY,0,0,02/08/2020,NATIONAL CAPITAL REGION,2020
MARIKINA CITY,2,0,09/08/2020,NATIONAL CAPITAL REGION,2020
MARIKINA CITY,2,0,16/08/2020,NATIONAL CAPITAL REGION,2020
MARIKINA CITY,0,0,23/08/2020,NATIONAL CAPITAL REGION,2020
MARIKINA CITY,0,0,30/08/2020,NATIONAL CAPITAL REGION,2020
MARIKINA CITY,2,0,13/09/2020,NATIONAL CAPITAL REGION,2020
MARIKINA CITY,5,0,27/09/2020,NATIONAL CAPITAL REGION,2020
MARIKINA CITY,1,0,11/10/2020,NATIONAL CAPITAL REGION,2020
MARIKINA CITY,2,0,25/10/2020,NATIONAL CAPITAL REGION,2020
MARIKINA CITY,3,0,08/11/2020,NATIONAL CAPITAL REGION,2020
MARIKINA CITY,2,0,22/11/2020,NATIONAL CAPITAL REGION,2020
MARIKINA CITY,3,0,29/11/2020,NATIONAL CAPITAL REGION,2020
MARIKINA CITY,8,0,06/12/2020,NATIONAL CAPITAL REGION,2020
MARIKINA CITY,6,0,13/12/2020,NATIONAL CAPITAL REGION,2020
MARIKINA CITY,9,0,20/12/2020,NATIONAL CAPITAL REGION,2020
MARIKINA CITY,1,0,27/12/2020,NATIONAL CAPITAL REGION,2020
MARIKINA CITY,0,1,06/09/2020,NATIONAL CAPITAL REGION,2020
MARIKINA CITY,0,2,20/09/2020,NATIONAL CAPITAL REGION,2020
MARIKINA CITY,0,4,04/10/2020,NATIONAL CAPITAL REGION,2020
MARIKINA CITY,0,3,18/10/2020,NATIONAL CAPITAL REGION,2020
MARIKINA CITY,0,6,01/11/2020,NATIONAL CAPITAL REGION,2020
MOUNTAIN PROVINCE,1,0,12/01/2020,CAR,2020
MOUNTAIN PROVINCE,5,0,19/01/2020,CAR,2020
MOUNTAIN PROVINCE,1,0,26/01/2020,CAR,2020
MOUNTAIN PROVINCE,2,0,02/02/2020,CAR,2020
MOUNTAIN PROVINCE,1,0,09/02/2020,CAR,2020
MOUNTAIN PROVINCE,2,0,16/02/2020,CAR,2020
MOUNTAIN PROVINCE,2,0,23/02/2020,CAR,2020
MOUNTAIN PROVINCE,3,0,01/03/2020,CAR,2020
MOUNTAIN PROVINCE,0,0,08/03/2020,CAR,2020
MOUNTAIN PROVINCE,1,0,15/03/2020,CAR,2020
MOUNTAIN PROVINCE,0,0,22/03/2020,CAR,2020
MOUNTAIN PROVINCE,3,0,29/03/2020,CAR,2020
MOUNTAIN PROVINCE,0,0,05/04/2020,CAR,2020
MOUNTAIN PROVINCE,0,0,12/04/2020,CAR,2020
MOUNTAIN PROVINCE,1,0,19/04/2020,CAR,2020
MOUNTAIN PROVINCE,0,0,26/04/2020,CAR,2020
MOUNTAIN PROVINCE,0,0,03/05/2020,CAR,2020
MOUNTAIN PROVINCE,0,0,10/05/2020,CAR,2020
MOUNTAIN PROVINCE,1,0,17/05/2020,CAR,2020
MOUNTAIN PROVINCE,1,0,24/05/2020,CAR,2020
MOUNTAIN PROVINCE,1,0,31/05/2020,CAR,2020
MOUNTAIN PROVINCE,0,0,07/06/2020,CAR,2020
MOUNTAIN PROVINCE,0,0,14/06/2020,CAR,2020
MOUNTAIN PROVINCE,0,0,21/06/2020,CAR,2020
MOUNTAIN PROVINCE,0,0,28/06/2020,CAR,2020
MOUNTAIN PROVINCE,0,0,05/07/2020,CAR,2020
MOUNTAIN PROVINCE,0,0,12/07/2020,CAR,2020
MOUNTAIN PROVINCE,0,0,19/07/2020,CAR,2020
MOUNTAIN PROVINCE,0,0,26/07/2020,CAR,2020
MOUNTAIN PROVINCE,3,0,02/08/2020,CAR,2020
MOUNTAIN PROVINCE,1,0,09/08/2020,CAR,2020
MOUNTAIN PROVINCE,0,0,16/08/2020,CAR,2020
MOUNTAIN PROVINCE,0,0,23/08/2020,CAR,2020
MOUNTAIN PROVINCE,0,0,30/08/2020,CAR,2020
MOUNTAIN PROVINCE,0,0,13/09/2020,CAR,2020
MOUNTAIN PROVINCE,0,0,27/09/2020,CAR,2020
MOUNTAIN PROVINCE,0,0,11/10/2020,CAR,2020
MOUNTAIN PROVINCE,0,0,25/10/2020,CAR,2020
MOUNTAIN PROVINCE,1,0,08/11/2020,CAR,2020
MOUNTAIN PROVINCE,0,0,22/11/2020,CAR,2020
MOUNTAIN PROVINCE,1,0,29/11/2020,CAR,2020
MOUNTAIN PROVINCE,0,0,06/12/2020,CAR,2020
MOUNTAIN PROVINCE,1,0,13/12/2020,CAR,2020
MOUNTAIN PROVINCE,0,0,20/12/2020,CAR,2020
MOUNTAIN PROVINCE,0,0,27/12/2020,CAR,2020
MOUNTAIN PROVINCE,0,0,06/09/2020,CAR,2020
MOUNTAIN PROVINCE,0,0,20/09/2020,CAR,2020
MOUNTAIN PROVINCE,0,0,04/10/2020,CAR,2020
MOUNTAIN PROVINCE,0,1,18/10/2020,CAR,2020
MOUNTAIN PROVINCE,0,1,01/11/2020,CAR,2020
MUNTINLUPA CITY,22,0,12/01/2020,NATIONAL CAPITAL REGION,2020
MUNTINLUPA CITY,38,0,19/01/2020,NATIONAL CAPITAL REGION,2020
MUNTINLUPA CITY,15,0,26/01/2020,NATIONAL CAPITAL REGION,2020
MUNTINLUPA CITY,23,0,02/02/2020,NATIONAL CAPITAL REGION,2020
MUNTINLUPA CITY,13,0,09/02/2020,NATIONAL CAPITAL REGION,2020
MUNTINLUPA CITY,14,0,16/02/2020,NATIONAL CAPITAL REGION,2020
MUNTINLUPA CITY,9,0,23/02/2020,NATIONAL CAPITAL REGION,2020
MUNTINLUPA CITY,16,0,01/03/2020,NATIONAL CAPITAL REGION,2020
MUNTINLUPA CITY,4,0,08/03/2020,NATIONAL CAPITAL REGION,2020
MUNTINLUPA CITY,1,0,15/03/2020,NATIONAL CAPITAL REGION,2020
MUNTINLUPA CITY,0,0,22/03/2020,NATIONAL CAPITAL REGION,2020
MUNTINLUPA CITY,1,0,29/03/2020,NATIONAL CAPITAL REGION,2020
MUNTINLUPA CITY,0,0,05/04/2020,NATIONAL CAPITAL REGION,2020
MUNTINLUPA CITY,0,0,12/04/2020,NATIONAL CAPITAL REGION,2020
MUNTINLUPA CITY,0,0,19/04/2020,NATIONAL CAPITAL REGION,2020
MUNTINLUPA CITY,2,0,26/04/2020,NATIONAL CAPITAL REGION,2020
MUNTINLUPA CITY,0,0,03/05/2020,NATIONAL CAPITAL REGION,2020
MUNTINLUPA CITY,0,0,10/05/2020,NATIONAL CAPITAL REGION,2020
MUNTINLUPA CITY,0,0,17/05/2020,NATIONAL CAPITAL REGION,2020
MUNTINLUPA CITY,0,0,24/05/2020,NATIONAL CAPITAL REGION,2020
MUNTINLUPA CITY,0,0,31/05/2020,NATIONAL CAPITAL REGION,2020
MUNTINLUPA CITY,0,0,07/06/2020,NATIONAL CAPITAL REGION,2020
MUNTINLUPA CITY,0,0,14/06/2020,NATIONAL CAPITAL REGION,2020
MUNTINLUPA CITY,0,0,21/06/2020,NATIONAL CAPITAL REGION,2020
MUNTINLUPA CITY,0,0,28/06/2020,NATIONAL CAPITAL REGION,2020
MUNTINLUPA CITY,0,0,05/07/2020,NATIONAL CAPITAL REGION,2020
MUNTINLUPA CITY,0,0,12/07/2020,NATIONAL CAPITAL REGION,2020
MUNTINLUPA CITY,0,0,19/07/2020,NATIONAL CAPITAL REGION,2020
MUNTINLUPA CITY,0,0,26/07/2020,NATIONAL CAPITAL REGION,2020
MUNTINLUPA CITY,0,0,02/08/2020,NATIONAL CAPITAL REGION,2020
MUNTINLUPA CITY,0,0,09/08/2020,NATIONAL CAPITAL REGION,2020
MUNTINLUPA CITY,0,0,16/08/2020,NATIONAL CAPITAL REGION,2020
MUNTINLUPA CITY,0,0,23/08/2020,NATIONAL CAPITAL REGION,2020
MUNTINLUPA CITY,0,0,30/08/2020,NATIONAL CAPITAL REGION,2020
MUNTINLUPA CITY,0,0,13/09/2020,NATIONAL CAPITAL REGION,2020
MUNTINLUPA CITY,1,0,27/09/2020,NATIONAL CAPITAL REGION,2020
MUNTINLUPA CITY,0,0,11/10/2020,NATIONAL CAPITAL REGION,2020
MUNTINLUPA CITY,1,0,25/10/2020,NATIONAL CAPITAL REGION,2020
MUNTINLUPA CITY,2,0,08/11/2020,NATIONAL CAPITAL REGION,2020
MUNTINLUPA CITY,1,0,22/11/2020,NATIONAL CAPITAL REGION,2020
MUNTINLUPA CITY,6,0,29/11/2020,NATIONAL CAPITAL REGION,2020
MUNTINLUPA CITY,1,0,06/12/2020,NATIONAL CAPITAL REGION,2020
MUNTINLUPA CITY,3,0,13/12/2020,NATIONAL CAPITAL REGION,2020
MUNTINLUPA CITY,0,0,20/12/2020,NATIONAL CAPITAL REGION,2020
MUNTINLUPA CITY,0,0,27/12/2020,NATIONAL CAPITAL REGION,2020
MUNTINLUPA CITY,0,0,06/09/2020,NATIONAL CAPITAL REGION,2020
MUNTINLUPA CITY,0,0,20/09/2020,NATIONAL CAPITAL REGION,2020
MUNTINLUPA CITY,0,0,04/10/2020,NATIONAL CAPITAL REGION,2020
MUNTINLUPA CITY,0,3,18/10/2020,NATIONAL CAPITAL REGION,2020
MUNTINLUPA CITY,0,8,01/11/2020,NATIONAL CAPITAL REGION,2020
NAVOTAS CITY,17,0,12/01/2020,NATIONAL CAPITAL REGION,2020
NAVOTAS CITY,26,0,19/01/2020,NATIONAL CAPITAL REGION,2020
NAVOTAS CITY,25,0,26/01/2020,NATIONAL CAPITAL REGION,2020
NAVOTAS CITY,23,0,02/02/2020,NATIONAL CAPITAL REGION,2020
NAVOTAS CITY,11,0,09/02/2020,NATIONAL CAPITAL REGION,2020
NAVOTAS CITY,10,0,16/02/2020,NATIONAL CAPITAL REGION,2020
NAVOTAS CITY,14,0,23/02/2020,NATIONAL CAPITAL REGION,2020
NAVOTAS CITY,5,0,01/03/2020,NATIONAL CAPITAL REGION,2020
NAVOTAS CITY,8,0,08/03/2020,NATIONAL CAPITAL REGION,2020
NAVOTAS CITY,12,0,15/03/2020,NATIONAL CAPITAL REGION,2020
NAVOTAS CITY,11,0,22/03/2020,NATIONAL CAPITAL REGION,2020
NAVOTAS CITY,4,0,29/03/2020,NATIONAL CAPITAL REGION,2020
NAVOTAS CITY,3,0,05/04/2020,NATIONAL CAPITAL REGION,2020
NAVOTAS CITY,0,0,12/04/2020,NATIONAL CAPITAL REGION,2020
NAVOTAS CITY,0,0,19/04/2020,NATIONAL CAPITAL REGION,2020
NAVOTAS CITY,0,0,26/04/2020,NATIONAL CAPITAL REGION,2020
NAVOTAS CITY,0,0,03/05/2020,NATIONAL CAPITAL REGION,2020
NAVOTAS CITY,0,0,10/05/2020,NATIONAL CAPITAL REGION,2020
NAVOTAS CITY,0,0,17/05/2020,NATIONAL CAPITAL REGION,2020
NAVOTAS CITY,0,0,24/05/2020,NATIONAL CAPITAL REGION,2020
NAVOTAS CITY,0,0,31/05/2020,NATIONAL CAPITAL REGION,2020
NAVOTAS CITY,0,0,07/06/2020,NATIONAL CAPITAL REGION,2020
NAVOTAS CITY,0,0,14/06/2020,NATIONAL CAPITAL REGION,2020
NAVOTAS CITY,0,0,21/06/2020,NATIONAL CAPITAL REGION,2020
NAVOTAS CITY,0,0,28/06/2020,NATIONAL CAPITAL REGION,2020
NAVOTAS CITY,0,0,05/07/2020,NATIONAL CAPITAL REGION,2020
NAVOTAS CITY,0,0,12/07/2020,NATIONAL CAPITAL REGION,2020
NAVOTAS CITY,0,0,19/07/2020,NATIONAL CAPITAL REGION,2020
NAVOTAS CITY,0,0,26/07/2020,NATIONAL CAPITAL REGION,2020
NAVOTAS CITY,0,0,02/08/2020,NATIONAL CAPITAL REGION,2020
NAVOTAS CITY,0,0,09/08/2020,NATIONAL CAPITAL REGION,2020
NAVOTAS CITY,0,0,16/08/2020,NATIONAL CAPITAL REGION,2020
NAVOTAS CITY,0,0,23/08/2020,NATIONAL CAPITAL REGION,2020
NAVOTAS CITY,0,0,30/08/2020,NATIONAL CAPITAL REGION,2020
NAVOTAS CITY,2,0,13/09/2020,NATIONAL CAPITAL REGION,2020
NAVOTAS CITY,0,0,27/09/2020,NATIONAL CAPITAL REGION,2020
NAVOTAS CITY,2,0,11/10/2020,NATIONAL CAPITAL REGION,2020
NAVOTAS CITY,3,0,25/10/2020,NATIONAL CAPITAL REGION,2020
NAVOTAS CITY,1,0,08/11/2020,NATIONAL CAPITAL REGION,2020
NAVOTAS CITY,1,0,22/11/2020,NATIONAL CAPITAL REGION,2020
NAVOTAS CITY,1,0,29/11/2020,NATIONAL CAPITAL REGION,2020
NAVOTAS CITY,0,0,06/12/2020,NATIONAL CAPITAL REGION,2020
NAVOTAS CITY,1,0,13/12/2020,NATIONAL CAPITAL REGION,2020
NAVOTAS CITY,2,0,20/12/2020,NATIONAL CAPITAL REGION,2020
NAVOTAS CITY,0,0,27/12/2020,NATIONAL CAPITAL REGION,2020
NAVOTAS CITY,0,0,06/09/2020,NATIONAL CAPITAL REGION,2020
NAVOTAS CITY,0,1,20/09/2020,NATIONAL CAPITAL REGION,2020
NAVOTAS CITY,0,0,04/10/2020,NATIONAL CAPITAL REGION,2020
NAVOTAS CITY,0,1,18/10/2020,NATIONAL CAPITAL REGION,2020
NAVOTAS CITY,0,0,01/11/2020,NATIONAL CAPITAL REGION,2020
NORTH COTABATO,15,0,12/01/2020,REGION XII-SOCCSKSARGEN,2020
NORTH COTABATO,39,0,19/01/2020,REGION XII-SOCCSKSARGEN,2020
NORTH COTABATO,42,1,26/01/2020,REGION XII-SOCCSKSARGEN,2020
NORTH COTABATO,37,0,02/02/2020,REGION XII-SOCCSKSARGEN,2020
NORTH COTABATO,24,1,09/02/2020,REGION XII-SOCCSKSARGEN,2020
NORTH COTABATO,30,0,16/02/2020,REGION XII-SOCCSKSARGEN,2020
NORTH COTABATO,21,0,23/02/2020,REGION XII-SOCCSKSARGEN,2020
NORTH COTABATO,23,0,01/03/2020,REGION XII-SOCCSKSARGEN,2020
NORTH COTABATO,16,0,08/03/2020,REGION XII-SOCCSKSARGEN,2020
NORTH COTABATO,31,0,15/03/2020,REGION XII-SOCCSKSARGEN,2020
NORTH COTABATO,34,0,22/03/2020,REGION XII-SOCCSKSARGEN,2020
NORTH COTABATO,23,0,29/03/2020,REGION XII-SOCCSKSARGEN,2020
NORTH COTABATO,16,0,05/04/2020,REGION XII-SOCCSKSARGEN,2020
NORTH COTABATO,15,0,12/04/2020,REGION XII-SOCCSKSARGEN,2020
NORTH COTABATO,9,0,19/04/2020,REGION XII-SOCCSKSARGEN,2020
NORTH COTABATO,20,0,26/04/2020,REGION XII-SOCCSKSARGEN,2020
NORTH COTABATO,21,0,03/05/2020,REGION XII-SOCCSKSARGEN,2020
NORTH COTABATO,13,0,10/05/2020,REGION XII-SOCCSKSARGEN,2020
NORTH COTABATO,17,0,17/05/2020,REGION XII-SOCCSKSARGEN,2020
NORTH COTABATO,15,0,24/05/2020,REGION XII-SOCCSKSARGEN,2020
NORTH COTABATO,19,0,31/05/2020,REGION XII-SOCCSKSARGEN,2020
NORTH COTABATO,21,1,07/06/2020,REGION XII-SOCCSKSARGEN,2020
NORTH COTABATO,26,2,14/06/2020,REGION XII-SOCCSKSARGEN,2020
NORTH COTABATO,32,0,21/06/2020,REGION XII-SOCCSKSARGEN,2020
NORTH COTABATO,35,0,28/06/2020,REGION XII-SOCCSKSARGEN,2020
NORTH COTABATO,40,0,05/07/2020,REGION XII-SOCCSKSARGEN,2020
NORTH COTABATO,156,1,12/07/2020,REGION XII-SOCCSKSARGEN,2020
NORTH COTABATO,64,1,19/07/2020,REGION XII-SOCCSKSARGEN,2020
NORTH COTABATO,66,0,26/07/2020,REGION XII-SOCCSKSARGEN,2020
NORTH COTABATO,61,0,02/08/2020,REGION XII-SOCCSKSARGEN,2020
NORTH COTABATO,48,1,09/08/2020,REGION XII-SOCCSKSARGEN,2020
NORTH COTABATO,38,0,16/08/2020,REGION XII-SOCCSKSARGEN,2020
NORTH COTABATO,34,0,23/08/2020,REGION XII-SOCCSKSARGEN,2020
NORTH COTABATO,37,0,30/08/2020,REGION XII-SOCCSKSARGEN,2020
NORTH COTABATO,21,0,13/09/2020,REGION XII-SOCCSKSARGEN,2020
NORTH COTABATO,19,0,27/09/2020,REGION XII-SOCCSKSARGEN,2020
NORTH COTABATO,18,0,11/10/2020,REGION XII-SOCCSKSARGEN,2020
NORTH COTABATO,5,0,25/10/2020,REGION XII-SOCCSKSARGEN,2020
NORTH COTABATO,8,0,08/11/2020,REGION XII-SOCCSKSARGEN,2020
NORTH COTABATO,10,0,22/11/2020,REGION XII-SOCCSKSARGEN,2020
NORTH COTABATO,10,0,29/11/2020,REGION XII-SOCCSKSARGEN,2020
NORTH COTABATO,11,0,06/12/2020,REGION XII-SOCCSKSARGEN,2020
NORTH COTABATO,8,0,13/12/2020,REGION XII-SOCCSKSARGEN,2020
NORTH COTABATO,5,1,20/12/2020,REGION XII-SOCCSKSARGEN,2020
NORTH COTABATO,4,0,27/12/2020,REGION XII-SOCCSKSARGEN,2020
NORTH COTABATO,0,18,06/09/2020,REGION XII-SOCCSKSARGEN,2020
NORTH COTABATO,1,11,20/09/2020,REGION XII-SOCCSKSARGEN,2020
NORTH COTABATO,0,15,04/10/2020,REGION XII-SOCCSKSARGEN,2020
NORTH COTABATO,0,9,18/10/2020,REGION XII-SOCCSKSARGEN,2020
NORTH COTABATO,0,6,01/11/2020,REGION XII-SOCCSKSARGEN,2020
PARANAQUE CITY,40,0,12/01/2020,NATIONAL CAPITAL REGION,2020
PARANAQUE CITY,65,1,19/01/2020,NATIONAL CAPITAL REGION,2020
PARANAQUE CITY,40,0,26/01/2020,NATIONAL CAPITAL REGION,2020
PARANAQUE CITY,32,0,02/02/2020,NATIONAL CAPITAL REGION,2020
PARANAQUE CITY,40,0,09/02/2020,NATIONAL CAPITAL REGION,2020
PARANAQUE CITY,24,0,16/02/2020,NATIONAL CAPITAL REGION,2020
PARANAQUE CITY,19,0,23/02/2020,NATIONAL CAPITAL REGION,2020
PARANAQUE CITY,26,0,01/03/2020,NATIONAL CAPITAL REGION,2020
PARANAQUE CITY,18,0,08/03/2020,NATIONAL CAPITAL REGION,2020
PARANAQUE CITY,7,0,15/03/2020,NATIONAL CAPITAL REGION,2020
PARANAQUE CITY,8,0,22/03/2020,NATIONAL CAPITAL REGION,2020
PARANAQUE CITY,4,0,29/03/2020,NATIONAL CAPITAL REGION,2020
PARANAQUE CITY,1,0,05/04/2020,NATIONAL CAPITAL REGION,2020
PARANAQUE CITY,2,0,12/04/2020,NATIONAL CAPITAL REGION,2020
PARANAQUE CITY,1,0,19/04/2020,NATIONAL CAPITAL REGION,2020
PARANAQUE CITY,0,0,26/04/2020,NATIONAL CAPITAL REGION,2020
PARANAQUE CITY,0,0,03/05/2020,NATIONAL CAPITAL REGION,2020
PARANAQUE CITY,0,0,10/05/2020,NATIONAL CAPITAL REGION,2020
PARANAQUE CITY,1,0,17/05/2020,NATIONAL CAPITAL REGION,2020
PARANAQUE CITY,0,0,24/05/2020,NATIONAL CAPITAL REGION,2020
PARANAQUE CITY,0,0,31/05/2020,NATIONAL CAPITAL REGION,2020
PARANAQUE CITY,2,0,07/06/2020,NATIONAL CAPITAL REGION,2020
PARANAQUE CITY,1,0,14/06/2020,NATIONAL CAPITAL REGION,2020
PARANAQUE CITY,1,0,21/06/2020,NATIONAL CAPITAL REGION,2020
PARANAQUE CITY,1,0,28/06/2020,NATIONAL CAPITAL REGION,2020
PARANAQUE CITY,1,0,05/07/2020,NATIONAL CAPITAL REGION,2020
PARANAQUE CITY,3,0,12/07/2020,NATIONAL CAPITAL REGION,2020
PARANAQUE CITY,3,0,19/07/2020,NATIONAL CAPITAL REGION,2020
PARANAQUE CITY,1,0,26/07/2020,NATIONAL CAPITAL REGION,2020
PARANAQUE CITY,1,0,02/08/2020,NATIONAL CAPITAL REGION,2020
PARANAQUE CITY,0,0,09/08/2020,NATIONAL CAPITAL REGION,2020
PARANAQUE CITY,2,0,16/08/2020,NATIONAL CAPITAL REGION,2020
PARANAQUE CITY,3,0,23/08/2020,NATIONAL CAPITAL REGION,2020
PARANAQUE CITY,2,0,30/08/2020,NATIONAL CAPITAL REGION,2020
PARANAQUE CITY,7,0,13/09/2020,NATIONAL CAPITAL REGION,2020
PARANAQUE CITY,4,0,27/09/2020,NATIONAL CAPITAL REGION,2020
PARANAQUE CITY,3,0,11/10/2020,NATIONAL CAPITAL REGION,2020
PARANAQUE CITY,3,0,25/10/2020,NATIONAL CAPITAL REGION,2020
PARANAQUE CITY,6,0,08/11/2020,NATIONAL CAPITAL REGION,2020
PARANAQUE CITY,12,0,22/11/2020,NATIONAL CAPITAL REGION,2020
PARANAQUE CITY,10,0,29/11/2020,NATIONAL CAPITAL REGION,2020
PARANAQUE CITY,9,1,06/12/2020,NATIONAL CAPITAL REGION,2020
PARANAQUE CITY,11,0,13/12/2020,NATIONAL CAPITAL REGION,2020
PARANAQUE CITY,13,0,20/12/2020,NATIONAL CAPITAL REGION,2020
PARANAQUE CITY,6,0,27/12/2020,NATIONAL CAPITAL REGION,2020
PARANAQUE CITY,0,1,06/09/2020,NATIONAL CAPITAL REGION,2020
PARANAQUE CITY,0,1,20/09/2020,NATIONAL CAPITAL REGION,2020
PARANAQUE CITY,0,1,04/10/2020,NATIONAL CAPITAL REGION,2020
PARANAQUE CITY,0,14,18/10/2020,NATIONAL CAPITAL REGION,2020
PARANAQUE CITY,0,13,01/11/2020,NATIONAL CAPITAL REGION,2020
PASAY CITY,11,0,12/01/2020,NATIONAL CAPITAL REGION,2020
PASAY CITY,12,0,19/01/2020,NATIONAL CAPITAL REGION,2020
PASAY CITY,15,0,26/01/2020,NATIONAL CAPITAL REGION,2020
PASAY CITY,16,0,02/02/2020,NATIONAL CAPITAL REGION,2020
PASAY CITY,8,0,09/02/2020,NATIONAL CAPITAL REGION,2020
PASAY CITY,7,0,16/02/2020,NATIONAL CAPITAL REGION,2020
PASAY CITY,3,0,23/02/2020,NATIONAL CAPITAL REGION,2020
PASAY CITY,14,0,01/03/2020,NATIONAL CAPITAL REGION,2020
PASAY CITY,2,0,08/03/2020,NATIONAL CAPITAL REGION,2020
PASAY CITY,2,0,15/03/2020,NATIONAL CAPITAL REGION,2020
PASAY CITY,2,0,22/03/2020,NATIONAL CAPITAL REGION,2020
PASAY CITY,1,0,29/03/2020,NATIONAL CAPITAL REGION,2020
PASAY CITY,2,0,05/04/2020,NATIONAL CAPITAL REGION,2020
PASAY CITY,1,0,12/04/2020,NATIONAL CAPITAL REGION,2020
PASAY CITY,0,0,19/04/2020,NATIONAL CAPITAL REGION,2020
PASAY CITY,0,0,26/04/2020,NATIONAL CAPITAL REGION,2020
PASAY CITY,0,0,03/05/2020,NATIONAL CAPITAL REGION,2020
PASAY CITY,0,0,10/05/2020,NATIONAL CAPITAL REGION,2020
PASAY CITY,0,0,17/05/2020,NATIONAL CAPITAL REGION,2020
PASAY CITY,0,0,24/05/2020,NATIONAL CAPITAL REGION,2020
PASAY CITY,0,0,31/05/2020,NATIONAL CAPITAL REGION,2020
PASAY CITY,0,0,07/06/2020,NATIONAL CAPITAL REGION,2020
PASAY CITY,0,0,14/06/2020,NATIONAL CAPITAL REGION,2020
PASAY CITY,0,0,21/06/2020,NATIONAL CAPITAL REGION,2020
PASAY CITY,0,0,28/06/2020,NATIONAL CAPITAL REGION,2020
PASAY CITY,0,0,05/07/2020,NATIONAL CAPITAL REGION,2020
PASAY CITY,0,0,12/07/2020,NATIONAL CAPITAL REGION,2020
PASAY CITY,2,0,19/07/2020,NATIONAL CAPITAL REGION,2020
PASAY CITY,0,0,26/07/2020,NATIONAL CAPITAL REGION,2020
PASAY CITY,0,0,02/08/2020,NATIONAL CAPITAL REGION,2020
PASAY CITY,1,0,09/08/2020,NATIONAL CAPITAL REGION,2020
PASAY CITY,0,0,16/08/2020,NATIONAL CAPITAL REGION,2020
PASAY CITY,0,0,23/08/2020,NATIONAL CAPITAL REGION,2020
PASAY CITY,0,0,30/08/2020,NATIONAL CAPITAL REGION,2020
PASAY CITY,0,0,13/09/2020,NATIONAL CAPITAL REGION,2020
PASAY CITY,1,0,27/09/2020,NATIONAL CAPITAL REGION,2020
PASAY CITY,1,0,11/10/2020,NATIONAL CAPITAL REGION,2020
PASAY CITY,0,0,25/10/2020,NATIONAL CAPITAL REGION,2020
PASAY CITY,0,0,08/11/2020,NATIONAL CAPITAL REGION,2020
PASAY CITY,2,0,22/11/2020,NATIONAL CAPITAL REGION,2020
PASAY CITY,3,0,29/11/2020,NATIONAL CAPITAL REGION,2020
PASAY CITY,2,0,06/12/2020,NATIONAL CAPITAL REGION,2020
PASAY CITY,0,0,13/12/2020,NATIONAL CAPITAL REGION,2020
PASAY CITY,1,0,20/12/2020,NATIONAL CAPITAL REGION,2020
PASAY CITY,1,0,27/12/2020,NATIONAL CAPITAL REGION,2020
PASAY CITY,0,2,06/09/2020,NATIONAL CAPITAL REGION,2020
PASAY CITY,0,0,20/09/2020,NATIONAL CAPITAL REGION,2020
PASAY CITY,0,0,04/10/2020,NATIONAL CAPITAL REGION,2020
PASAY CITY,0,1,18/10/2020,NATIONAL CAPITAL REGION,2020
PASAY CITY,0,5,01/11/2020,NATIONAL CAPITAL REGION,2020
PASIG CITY,70,0,12/01/2020,NATIONAL CAPITAL REGION,2020
PASIG CITY,96,0,19/01/2020,NATIONAL CAPITAL REGION,2020
PASIG CITY,69,1,26/01/2020,NATIONAL CAPITAL REGION,2020
PASIG CITY,58,0,02/02/2020,NATIONAL CAPITAL REGION,2020
PASIG CITY,24,0,09/02/2020,NATIONAL CAPITAL REGION,2020
PASIG CITY,48,0,16/02/2020,NATIONAL CAPITAL REGION,2020
PASIG CITY,32,0,23/02/2020,NATIONAL CAPITAL REGION,2020
PASIG CITY,17,0,01/03/2020,NATIONAL CAPITAL REGION,2020
PASIG CITY,28,0,08/03/2020,NATIONAL CAPITAL REGION,2020
PASIG CITY,17,0,15/03/2020,NATIONAL CAPITAL REGION,2020
PASIG CITY,8,0,22/03/2020,NATIONAL CAPITAL REGION,2020
PASIG CITY,3,0,29/03/2020,NATIONAL CAPITAL REGION,2020
PASIG CITY,1,0,05/04/2020,NATIONAL CAPITAL REGION,2020
PASIG CITY,0,0,12/04/2020,NATIONAL CAPITAL REGION,2020
PASIG CITY,1,0,19/04/2020,NATIONAL CAPITAL REGION,2020
PASIG CITY,1,0,26/04/2020,NATIONAL CAPITAL REGION,2020
PASIG CITY,0,0,03/05/2020,NATIONAL CAPITAL REGION,2020
PASIG CITY,0,0,10/05/2020,NATIONAL CAPITAL REGION,2020
PASIG CITY,0,0,17/05/2020,NATIONAL CAPITAL REGION,2020
PASIG CITY,0,0,24/05/2020,NATIONAL CAPITAL REGION,2020
PASIG CITY,0,0,31/05/2020,NATIONAL CAPITAL REGION,2020
PASIG CITY,1,0,07/06/2020,NATIONAL CAPITAL REGION,2020
PASIG CITY,0,0,14/06/2020,NATIONAL CAPITAL REGION,2020
PASIG CITY,0,0,21/06/2020,NATIONAL CAPITAL REGION,2020
PASIG CITY,0,0,28/06/2020,NATIONAL CAPITAL REGION,2020
PASIG CITY,0,0,05/07/2020,NATIONAL CAPITAL REGION,2020
PASIG CITY,0,0,12/07/2020,NATIONAL CAPITAL REGION,2020
PASIG CITY,1,0,19/07/2020,NATIONAL CAPITAL REGION,2020
PASIG CITY,1,0,26/07/2020,NATIONAL CAPITAL REGION,2020
PASIG CITY,1,0,02/08/2020,NATIONAL CAPITAL REGION,2020
PASIG CITY,1,0,09/08/2020,NATIONAL CAPITAL REGION,2020
PASIG CITY,3,0,16/08/2020,NATIONAL CAPITAL REGION,2020
PASIG CITY,0,0,23/08/2020,NATIONAL CAPITAL REGION,2020
PASIG CITY,1,0,30/08/2020,NATIONAL CAPITAL REGION,2020
PASIG CITY,0,0,13/09/2020,NATIONAL CAPITAL REGION,2020
PASIG CITY,5,0,27/09/2020,NATIONAL CAPITAL REGION,2020
PASIG CITY,2,0,11/10/2020,NATIONAL CAPITAL REGION,2020
PASIG CITY,4,0,25/10/2020,NATIONAL CAPITAL REGION,2020
PASIG CITY,9,0,08/11/2020,NATIONAL CAPITAL REGION,2020
PASIG CITY,5,0,22/11/2020,NATIONAL CAPITAL REGION,2020
PASIG CITY,8,0,29/11/2020,NATIONAL CAPITAL REGION,2020
PASIG CITY,7,0,06/12/2020,NATIONAL CAPITAL REGION,2020
PASIG CITY,29,0,13/12/2020,NATIONAL CAPITAL REGION,2020
PASIG CITY,20,0,20/12/2020,NATIONAL CAPITAL REGION,2020
PASIG CITY,12,0,27/12/2020,NATIONAL CAPITAL REGION,2020
PASIG CITY,0,0,06/09/2020,NATIONAL CAPITAL REGION,2020
PASIG CITY,0,0,20/09/2020,NATIONAL CAPITAL REGION,2020
PASIG CITY,0,5,04/10/2020,NATIONAL CAPITAL REGION,2020
PASIG CITY,0,11,18/10/2020,NATIONAL CAPITAL REGION,2020
PASIG CITY,0,7,01/11/2020,NATIONAL CAPITAL REGION,2020
PATEROS,0,0,10/05/2020,NATIONAL CAPITAL REGION,2020
PATEROS,0,0,17/05/2020,NATIONAL CAPITAL REGION,2020
PATEROS,0,0,24/05/2020,NATIONAL CAPITAL REGION,2020
PATEROS,0,0,31/05/2020,NATIONAL CAPITAL REGION,2020
PATEROS,0,0,07/06/2020,NATIONAL CAPITAL REGION,2020
PATEROS,0,0,14/06/2020,NATIONAL CAPITAL REGION,2020
PATEROS,0,0,21/06/2020,NATIONAL CAPITAL REGION,2020
PATEROS,0,0,28/06/2020,NATIONAL CAPITAL REGION,2020
PATEROS,0,0,05/07/2020,NATIONAL CAPITAL REGION,2020
PATEROS,0,0,12/07/2020,NATIONAL CAPITAL REGION,2020
PATEROS,0,0,19/07/2020,NATIONAL CAPITAL REGION,2020
PATEROS,0,0,26/07/2020,NATIONAL CAPITAL REGION,2020
PATEROS,0,0,02/08/2020,NATIONAL CAPITAL REGION,2020
PATEROS,0,0,09/08/2020,NATIONAL CAPITAL REGION,2020
PATEROS,0,0,16/08/2020,NATIONAL CAPITAL REGION,2020
PATEROS,0,0,23/08/2020,NATIONAL CAPITAL REGION,2020
PATEROS,0,0,30/08/2020,NATIONAL CAPITAL REGION,2020
PATEROS,1,0,13/09/2020,NATIONAL CAPITAL REGION,2020
PATEROS,0,0,27/09/2020,NATIONAL CAPITAL REGION,2020
PATEROS,1,0,11/10/2020,NATIONAL CAPITAL REGION,2020
PATEROS,0,0,25/10/2020,NATIONAL CAPITAL REGION,2020
PATEROS,0,0,08/11/2020,NATIONAL CAPITAL REGION,2020
PATEROS,0,0,22/11/2020,NATIONAL CAPITAL REGION,2020
PATEROS,1,0,29/11/2020,NATIONAL CAPITAL REGION,2020
PATEROS,2,0,06/12/2020,NATIONAL CAPITAL REGION,2020
PATEROS,2,0,13/12/2020,NATIONAL CAPITAL REGION,2020
PATEROS,0,0,20/12/2020,NATIONAL CAPITAL REGION,2020
PATEROS,1,0,27/12/2020,NATIONAL CAPITAL REGION,2020
PATEROS,0,0,06/09/2020,NATIONAL CAPITAL REGION,2020
PATEROS,0,1,20/09/2020,NATIONAL CAPITAL REGION,2020
PATEROS,0,0,04/10/2020,NATIONAL CAPITAL REGION,2020
PATEROS,0,1,18/10/2020,NATIONAL CAPITAL REGION,2020
PATEROS,0,1,01/11/2020,NATIONAL CAPITAL REGION,2020
PATEROS,6,0,12/01/2020,NATIONAL CAPITAL REGION,2020
PATEROS,17,0,19/01/2020,NATIONAL CAPITAL REGION,2020
PATEROS,13,0,26/01/2020,NATIONAL CAPITAL REGION,2020
PATEROS,25,0,02/02/2020,NATIONAL CAPITAL REGION,2020
PATEROS,10,0,09/02/2020,NATIONAL CAPITAL REGION,2020
PATEROS,12,0,16/02/2020,NATIONAL CAPITAL REGION,2020
PATEROS,10,0,23/02/2020,NATIONAL CAPITAL REGION,2020
PATEROS,8,0,01/03/2020,NATIONAL CAPITAL REGION,2020
PATEROS,5,0,08/03/2020,NATIONAL CAPITAL REGION,2020
PATEROS,3,0,15/03/2020,NATIONAL CAPITAL REGION,2020
PATEROS,2,0,22/03/2020,NATIONAL CAPITAL REGION,2020
PATEROS,3,0,29/03/2020,NATIONAL CAPITAL REGION,2020
PATEROS,1,0,05/04/2020,NATIONAL CAPITAL REGION,2020
PATEROS,0,0,12/04/2020,NATIONAL CAPITAL REGION,2020
PATEROS,1,0,19/04/2020,NATIONAL CAPITAL REGION,2020
PATEROS,1,0,26/04/2020,NATIONAL CAPITAL REGION,2020
PATEROS,2,0,03/05/2020,NATIONAL CAPITAL REGION,2020
QUEZON CITY,132,1,12/01/2020,NATIONAL CAPITAL REGION,2020
QUEZON CITY,211,3,19/01/2020,NATIONAL CAPITAL REGION,2020
QUEZON CITY,157,2,26/01/2020,NATIONAL CAPITAL REGION,2020
QUEZON CITY,169,1,02/02/2020,NATIONAL CAPITAL REGION,2020
QUEZON CITY,144,1,09/02/2020,NATIONAL CAPITAL REGION,2020
QUEZON CITY,101,0,16/02/2020,NATIONAL CAPITAL REGION,2020
QUEZON CITY,64,0,23/02/2020,NATIONAL CAPITAL REGION,2020
QUEZON CITY,83,0,01/03/2020,NATIONAL CAPITAL REGION,2020
QUEZON CITY,70,0,08/03/2020,NATIONAL CAPITAL REGION,2020
QUEZON CITY,52,0,15/03/2020,NATIONAL CAPITAL REGION,2020
QUEZON CITY,41,0,22/03/2020,NATIONAL CAPITAL REGION,2020
QUEZON CITY,23,0,29/03/2020,NATIONAL CAPITAL REGION,2020
QUEZON CITY,6,0,05/04/2020,NATIONAL CAPITAL REGION,2020
QUEZON CITY,6,0,12/04/2020,NATIONAL CAPITAL REGION,2020
QUEZON CITY,1,0,19/04/2020,NATIONAL CAPITAL REGION,2020
QUEZON CITY,3,0,26/04/2020,NATIONAL CAPITAL REGION,2020
QUEZON CITY,3,0,03/05/2020,NATIONAL CAPITAL REGION,2020
QUEZON CITY,1,0,10/05/2020,NATIONAL CAPITAL REGION,2020
QUEZON CITY,3,0,17/05/2020,NATIONAL CAPITAL REGION,2020
QUEZON CITY,1,0,24/05/2020,NATIONAL CAPITAL REGION,2020
QUEZON CITY,2,0,31/05/2020,NATIONAL CAPITAL REGION,2020
QUEZON CITY,1,0,07/06/2020,NATIONAL CAPITAL REGION,2020
QUEZON CITY,3,0,14/06/2020,NATIONAL CAPITAL REGION,2020
QUEZON CITY,6,0,21/06/2020,NATIONAL CAPITAL REGION,2020
QUEZON CITY,5,0,28/06/2020,NATIONAL CAPITAL REGION,2020
QUEZON CITY,5,0,05/07/2020,NATIONAL CAPITAL REGION,2020
QUEZON CITY,6,0,12/07/2020,NATIONAL CAPITAL REGION,2020
QUEZON CITY,9,0,19/07/2020,NATIONAL CAPITAL REGION,2020
QUEZON CITY,8,0,26/07/2020,NATIONAL CAPITAL REGION,2020
QUEZON CITY,8,1,02/08/2020,NATIONAL CAPITAL REGION,2020
QUEZON CITY,9,0,09/08/2020,NATIONAL CAPITAL REGION,2020
QUEZON CITY,16,0,16/08/2020,NATIONAL CAPITAL REGION,2020
QUEZON CITY,8,0,23/08/2020,NATIONAL CAPITAL REGION,2020
QUEZON CITY,10,0,30/08/2020,NATIONAL CAPITAL REGION,2020
QUEZON CITY,15,0,13/09/2020,NATIONAL CAPITAL REGION,2020
QUEZON CITY,13,0,27/09/2020,NATIONAL CAPITAL REGION,2020
QUEZON CITY,12,0,11/10/2020,NATIONAL CAPITAL REGION,2020
QUEZON CITY,10,0,25/10/2020,NATIONAL CAPITAL REGION,2020
QUEZON CITY,20,0,08/11/2020,NATIONAL CAPITAL REGION,2020
QUEZON CITY,33,0,22/11/2020,NATIONAL CAPITAL REGION,2020
QUEZON CITY,35,0,29/11/2020,NATIONAL CAPITAL REGION,2020
QUEZON CITY,46,1,06/12/2020,NATIONAL CAPITAL REGION,2020
QUEZON CITY,39,0,13/12/2020,NATIONAL CAPITAL REGION,2020
QUEZON CITY,20,0,20/12/2020,NATIONAL CAPITAL REGION,2020
QUEZON CITY,28,0,27/12/2020,NATIONAL CAPITAL REGION,2020
QUEZON CITY,0,26,06/09/2020,NATIONAL CAPITAL REGION,2020
QUEZON CITY,0,12,20/09/2020,NATIONAL CAPITAL REGION,2020
QUEZON CITY,0,13,04/10/2020,NATIONAL CAPITAL REGION,2020
QUEZON CITY,0,22,18/10/2020,NATIONAL CAPITAL REGION,2020
QUEZON CITY,0,29,01/11/2020,NATIONAL CAPITAL REGION,2020
SAN JUAN CITY,6,0,12/01/2020,NATIONAL CAPITAL REGION,2020
SAN JUAN CITY,3,0,19/01/2020,NATIONAL CAPITAL REGION,2020
SAN JUAN CITY,5,0,26/01/2020,NATIONAL CAPITAL REGION,2020
SAN JUAN CITY,3,0,02/02/2020,NATIONAL CAPITAL REGION,2020
SAN JUAN CITY,1,0,09/02/2020,NATIONAL CAPITAL REGION,2020
SAN JUAN CITY,4,0,16/02/2020,NATIONAL CAPITAL REGION,2020
SAN JUAN CITY,1,0,23/02/2020,NATIONAL CAPITAL REGION,2020
SAN JUAN CITY,2,0,01/03/2020,NATIONAL CAPITAL REGION,2020
SAN JUAN CITY,2,0,08/03/2020,NATIONAL CAPITAL REGION,2020
SAN JUAN CITY,2,0,15/03/2020,NATIONAL CAPITAL REGION,2020
SAN JUAN CITY,1,0,22/03/2020,NATIONAL CAPITAL REGION,2020
SAN JUAN CITY,0,0,29/03/2020,NATIONAL CAPITAL REGION,2020
SAN JUAN CITY,0,0,05/04/2020,NATIONAL CAPITAL REGION,2020
SAN JUAN CITY,0,0,12/04/2020,NATIONAL CAPITAL REGION,2020
SAN JUAN CITY,0,0,19/04/2020,NATIONAL CAPITAL REGION,2020
SAN JUAN CITY,0,0,26/04/2020,NATIONAL CAPITAL REGION,2020
SAN JUAN CITY,0,0,03/05/2020,NATIONAL CAPITAL REGION,2020
SAN JUAN CITY,0,0,10/05/2020,NATIONAL CAPITAL REGION,2020
SAN JUAN CITY,0,0,17/05/2020,NATIONAL CAPITAL REGION,2020
SAN JUAN CITY,2,0,24/05/2020,NATIONAL CAPITAL REGION,2020
SAN JUAN CITY,0,0,31/05/2020,NATIONAL CAPITAL REGION,2020
SAN JUAN CITY,0,0,07/06/2020,NATIONAL CAPITAL REGION,2020
SAN JUAN CITY,0,0,14/06/2020,NATIONAL CAPITAL REGION,2020
SAN JUAN CITY,1,0,21/06/2020,NATIONAL CAPITAL REGION,2020
SAN JUAN CITY,0,0,28/06/2020,NATIONAL CAPITAL REGION,2020
SAN JUAN CITY,1,0,05/07/2020,NATIONAL CAPITAL REGION,2020
SAN JUAN CITY,0,0,12/07/2020,NATIONAL CAPITAL REGION,2020
SAN JUAN CITY,2,0,19/07/2020,NATIONAL CAPITAL REGION,2020
SAN JUAN CITY,0,0,26/07/2020,NATIONAL CAPITAL REGION,2020
SAN JUAN CITY,1,0,02/08/2020,NATIONAL CAPITAL REGION,2020
SAN JUAN CITY,0,0,09/08/2020,NATIONAL CAPITAL REGION,2020
SAN JUAN CITY,2,0,16/08/2020,NATIONAL CAPITAL REGION,2020
SAN JUAN CITY,0,0,23/08/2020,NATIONAL CAPITAL REGION,2020
SAN JUAN CITY,0,0,30/08/2020,NATIONAL CAPITAL REGION,2020
SAN JUAN CITY,0,0,13/09/2020,NATIONAL CAPITAL REGION,2020
SAN JUAN CITY,0,0,27/09/2020,NATIONAL CAPITAL REGION,2020
SAN JUAN CITY,0,0,11/10/2020,NATIONAL CAPITAL REGION,2020
SAN JUAN CITY,0,0,25/10/2020,NATIONAL CAPITAL REGION,2020
SAN JUAN CITY,0,0,08/11/2020,NATIONAL CAPITAL REGION,2020
SAN JUAN CITY,1,0,22/11/2020,NATIONAL CAPITAL REGION,2020
SAN JUAN CITY,1,0,29/11/2020,NATIONAL CAPITAL REGION,2020
SAN JUAN CITY,0,0,06/12/2020,NATIONAL CAPITAL REGION,2020
SAN JUAN CITY,2,0,13/12/2020,NATIONAL CAPITAL REGION,2020
SAN JUAN CITY,3,0,20/12/2020,NATIONAL CAPITAL REGION,2020
SAN JUAN CITY,0,0,27/12/2020,NATIONAL CAPITAL REGION,2020
SAN JUAN CITY,0,2,06/09/2020,NATIONAL CAPITAL REGION,2020
SAN JUAN CITY,0,1,20/09/2020,NATIONAL CAPITAL REGION,2020
SAN JUAN CITY,0,0,04/10/2020,NATIONAL CAPITAL REGION,2020
SAN JUAN CITY,0,0,18/10/2020,NATIONAL CAPITAL REGION,2020
SAN JUAN CITY,0,0,01/11/2020,NATIONAL CAPITAL REGION,2020
SARANGANI,16,0,12/01/2020,REGION XII-SOCCSKSARGEN,2020
SARANGANI,39,0,19/01/2020,REGION XII-SOCCSKSARGEN,2020
SARANGANI,45,1,26/01/2020,REGION XII-SOCCSKSARGEN,2020
SARANGANI,45,0,02/02/2020,REGION XII-SOCCSKSARGEN,2020
SARANGANI,41,0,09/02/2020,REGION XII-SOCCSKSARGEN,2020
SARANGANI,49,0,16/02/2020,REGION XII-SOCCSKSARGEN,2020
SARANGANI,45,0,23/02/2020,REGION XII-SOCCSKSARGEN,2020
SARANGANI,29,0,01/03/2020,REGION XII-SOCCSKSARGEN,2020
SARANGANI,41,0,08/03/2020,REGION XII-SOCCSKSARGEN,2020
SARANGANI,34,0,15/03/2020,REGION XII-SOCCSKSARGEN,2020
SARANGANI,36,0,22/03/2020,REGION XII-SOCCSKSARGEN,2020
SARANGANI,34,1,29/03/2020,REGION XII-SOCCSKSARGEN,2020
SARANGANI,20,0,05/04/2020,REGION XII-SOCCSKSARGEN,2020
SARANGANI,18,0,12/04/2020,REGION XII-SOCCSKSARGEN,2020
SARANGANI,13,0,19/04/2020,REGION XII-SOCCSKSARGEN,2020
SARANGANI,6,0,26/04/2020,REGION XII-SOCCSKSARGEN,2020
SARANGANI,18,0,03/05/2020,REGION XII-SOCCSKSARGEN,2020
SARANGANI,4,0,10/05/2020,REGION XII-SOCCSKSARGEN,2020
SARANGANI,11,0,17/05/2020,REGION XII-SOCCSKSARGEN,2020
SARANGANI,7,0,24/05/2020,REGION XII-SOCCSKSARGEN,2020
SARANGANI,7,0,31/05/2020,REGION XII-SOCCSKSARGEN,2020
SARANGANI,18,0,07/06/2020,REGION XII-SOCCSKSARGEN,2020
SARANGANI,19,0,14/06/2020,REGION XII-SOCCSKSARGEN,2020
SARANGANI,18,0,21/06/2020,REGION XII-SOCCSKSARGEN,2020
SARANGANI,30,0,28/06/2020,REGION XII-SOCCSKSARGEN,2020
SARANGANI,31,0,05/07/2020,REGION XII-SOCCSKSARGEN,2020
SARANGANI,23,0,12/07/2020,REGION XII-SOCCSKSARGEN,2020
SARANGANI,24,0,19/07/2020,REGION XII-SOCCSKSARGEN,2020
SARANGANI,8,0,26/07/2020,REGION XII-SOCCSKSARGEN,2020
SARANGANI,11,1,02/08/2020,REGION XII-SOCCSKSARGEN,2020
SARANGANI,18,0,09/08/2020,REGION XII-SOCCSKSARGEN,2020
SARANGANI,14,0,16/08/2020,REGION XII-SOCCSKSARGEN,2020
SARANGANI,9,0,23/08/2020,REGION XII-SOCCSKSARGEN,2020
SARANGANI,16,0,30/08/2020,REGION XII-SOCCSKSARGEN,2020
SARANGANI,15,0,13/09/2020,REGION XII-SOCCSKSARGEN,2020
SARANGANI,7,0,27/09/2020,REGION XII-SOCCSKSARGEN,2020
SARANGANI,7,0,11/10/2020,REGION XII-SOCCSKSARGEN,2020
SARANGANI,8,0,25/10/2020,REGION XII-SOCCSKSARGEN,2020
SARANGANI,7,0,08/11/2020,REGION XII-SOCCSKSARGEN,2020
SARANGANI,6,0,22/11/2020,REGION XII-SOCCSKSARGEN,2020
SARANGANI,10,0,29/11/2020,REGION XII-SOCCSKSARGEN,2020
SARANGANI,10,0,06/12/2020,REGION XII-SOCCSKSARGEN,2020
SARANGANI,17,0,13/12/2020,REGION XII-SOCCSKSARGEN,2020
SARANGANI,13,0,20/12/2020,REGION XII-SOCCSKSARGEN,2020
SARANGANI,2,1,27/12/2020,REGION XII-SOCCSKSARGEN,2020
SARANGANI,0,26,06/09/2020,REGION XII-SOCCSKSARGEN,2020
SARANGANI,0,16,20/09/2020,REGION XII-SOCCSKSARGEN,2020
SARANGANI,0,6,04/10/2020,REGION XII-SOCCSKSARGEN,2020
SARANGANI,0,7,18/10/2020,REGION XII-SOCCSKSARGEN,2020
SARANGANI,0,2,01/11/2020,REGION XII-SOCCSKSARGEN,2020
SOUTH COTABATO,17,0,12/01/2020,REGION XII-SOCCSKSARGEN,2020
SOUTH COTABATO,23,1,19/01/2020,REGION XII-SOCCSKSARGEN,2020
SOUTH COTABATO,54,0,26/01/2020,REGION XII-SOCCSKSARGEN,2020
SOUTH COTABATO,36,0,02/02/2020,REGION XII-SOCCSKSARGEN,2020
SOUTH COTABATO,50,0,09/02/2020,REGION XII-SOCCSKSARGEN,2020
SOUTH COTABATO,53,0,16/02/2020,REGION XII-SOCCSKSARGEN,2020
SOUTH COTABATO,30,0,23/02/2020,REGION XII-SOCCSKSARGEN,2020
SOUTH COTABATO,50,0,01/03/2020,REGION XII-SOCCSKSARGEN,2020
SOUTH COTABATO,63,0,08/03/2020,REGION XII-SOCCSKSARGEN,2020
SOUTH COTABATO,26,0,15/03/2020,REGION XII-SOCCSKSARGEN,2020
SOUTH COTABATO,44,0,22/03/2020,REGION XII-SOCCSKSARGEN,2020
SOUTH COTABATO,28,0,29/03/2020,REGION XII-SOCCSKSARGEN,2020
SOUTH COTABATO,16,0,05/04/2020,REGION XII-SOCCSKSARGEN,2020
SOUTH COTABATO,17,0,12/04/2020,REGION XII-SOCCSKSARGEN,2020
SOUTH COTABATO,8,0,19/04/2020,REGION XII-SOCCSKSARGEN,2020
SOUTH COTABATO,5,0,26/04/2020,REGION XII-SOCCSKSARGEN,2020
SOUTH COTABATO,13,2,03/05/2020,REGION XII-SOCCSKSARGEN,2020
SOUTH COTABATO,4,0,10/05/2020,REGION XII-SOCCSKSARGEN,2020
SOUTH COTABATO,12,0,17/05/2020,REGION XII-SOCCSKSARGEN,2020
SOUTH COTABATO,27,0,24/05/2020,REGION XII-SOCCSKSARGEN,2020
SOUTH COTABATO,12,0,31/05/2020,REGION XII-SOCCSKSARGEN,2020
SOUTH COTABATO,11,0,07/06/2020,REGION XII-SOCCSKSARGEN,2020
SOUTH COTABATO,9,0,14/06/2020,REGION XII-SOCCSKSARGEN,2020
SOUTH COTABATO,17,0,21/06/2020,REGION XII-SOCCSKSARGEN,2020
SOUTH COTABATO,27,0,28/06/2020,REGION XII-SOCCSKSARGEN,2020
SOUTH COTABATO,23,0,05/07/2020,REGION XII-SOCCSKSARGEN,2020
SOUTH COTABATO,29,0,12/07/2020,REGION XII-SOCCSKSARGEN,2020
SOUTH COTABATO,24,0,19/07/2020,REGION XII-SOCCSKSARGEN,2020
SOUTH COTABATO,35,0,26/07/2020,REGION XII-SOCCSKSARGEN,2020
SOUTH COTABATO,43,0,02/08/2020,REGION XII-SOCCSKSARGEN,2020
SOUTH COTABATO,1,0,09/08/2020,REGION XII-SOCCSKSARGEN,2020
SOUTH COTABATO,36,0,16/08/2020,REGION XII-SOCCSKSARGEN,2020
SOUTH COTABATO,26,0,23/08/2020,REGION XII-SOCCSKSARGEN,2020
SOUTH COTABATO,26,0,30/08/2020,REGION XII-SOCCSKSARGEN,2020
SOUTH COTABATO,24,0,13/09/2020,REGION XII-SOCCSKSARGEN,2020
SOUTH COTABATO,17,0,27/09/2020,REGION XII-SOCCSKSARGEN,2020
SOUTH COTABATO,17,0,11/10/2020,REGION XII-SOCCSKSARGEN,2020
SOUTH COTABATO,8,0,25/10/2020,REGION XII-SOCCSKSARGEN,2020
SOUTH COTABATO,8,0,08/11/2020,REGION XII-SOCCSKSARGEN,2020
SOUTH COTABATO,10,0,22/11/2020,REGION XII-SOCCSKSARGEN,2020
SOUTH COTABATO,18,0,29/11/2020,REGION XII-SOCCSKSARGEN,2020
SOUTH COTABATO,18,0,06/12/2020,REGION XII-SOCCSKSARGEN,2020
SOUTH COTABATO,14,0,13/12/2020,REGION XII-SOCCSKSARGEN,2020
SOUTH COTABATO,14,0,20/12/2020,REGION XII-SOCCSKSARGEN,2020
SOUTH COTABATO,21,0,27/12/2020,REGION XII-SOCCSKSARGEN,2020
SOUTH COTABATO,0,13,06/09/2020,REGION XII-SOCCSKSARGEN,2020
SOUTH COTABATO,0,7,20/09/2020,REGION XII-SOCCSKSARGEN,2020
SOUTH COTABATO,0,9,04/10/2020,REGION XII-SOCCSKSARGEN,2020
SOUTH COTABATO,0,12,18/10/2020,REGION XII-SOCCSKSARGEN,2020
SOUTH COTABATO,0,11,01/11/2020,REGION XII-SOCCSKSARGEN,2020
SULTAN KUDARAT,13,0,12/01/2020,REGION XII-SOCCSKSARGEN,2020
SULTAN KUDARAT,22,0,19/01/2020,REGION XII-SOCCSKSARGEN,2020
SULTAN KUDARAT,14,0,26/01/2020,REGION XII-SOCCSKSARGEN,2020
SULTAN KUDARAT,17,0,02/02/2020,REGION XII-SOCCSKSARGEN,2020
SULTAN KUDARAT,13,0,09/02/2020,REGION XII-SOCCSKSARGEN,2020
SULTAN KUDARAT,12,0,16/02/2020,REGION XII-SOCCSKSARGEN,2020
SULTAN KUDARAT,11,0,23/02/2020,REGION XII-SOCCSKSARGEN,2020
SULTAN KUDARAT,14,0,01/03/2020,REGION XII-SOCCSKSARGEN,2020
SULTAN KUDARAT,7,1,08/03/2020,REGION XII-SOCCSKSARGEN,2020
SULTAN KUDARAT,6,0,15/03/2020,REGION XII-SOCCSKSARGEN,2020
SULTAN KUDARAT,9,0,22/03/2020,REGION XII-SOCCSKSARGEN,2020
SULTAN KUDARAT,5,0,29/03/2020,REGION XII-SOCCSKSARGEN,2020
SULTAN KUDARAT,2,0,05/04/2020,REGION XII-SOCCSKSARGEN,2020
SULTAN KUDARAT,1,0,12/04/2020,REGION XII-SOCCSKSARGEN,2020
SULTAN KUDARAT,3,0,19/04/2020,REGION XII-SOCCSKSARGEN,2020
SULTAN KUDARAT,3,0,26/04/2020,REGION XII-SOCCSKSARGEN,2020
SULTAN KUDARAT,3,0,03/05/2020,REGION XII-SOCCSKSARGEN,2020
SULTAN KUDARAT,7,0,10/05/2020,REGION XII-SOCCSKSARGEN,2020
SULTAN KUDARAT,13,0,17/05/2020,REGION XII-SOCCSKSARGEN,2020
SULTAN KUDARAT,27,0,24/05/2020,REGION XII-SOCCSKSARGEN,2020
SULTAN KUDARAT,15,0,31/05/2020,REGION XII-SOCCSKSARGEN,2020
SULTAN KUDARAT,18,0,07/06/2020,REGION XII-SOCCSKSARGEN,2020
SULTAN KUDARAT,6,0,14/06/2020,REGION XII-SOCCSKSARGEN,2020
SULTAN KUDARAT,4,0,21/06/2020,REGION XII-SOCCSKSARGEN,2020
SULTAN KUDARAT,11,0,28/06/2020,REGION XII-SOCCSKSARGEN,2020
SULTAN KUDARAT,4,0,05/07/2020,REGION XII-SOCCSKSARGEN,2020
SULTAN KUDARAT,7,0,12/07/2020,REGION XII-SOCCSKSARGEN,2020
SULTAN KUDARAT,14,0,19/07/2020,REGION XII-SOCCSKSARGEN,2020
SULTAN KUDARAT,18,0,26/07/2020,REGION XII-SOCCSKSARGEN,2020
SULTAN KUDARAT,20,0,02/08/2020,REGION XII-SOCCSKSARGEN,2020
SULTAN KUDARAT,13,0,09/08/2020,REGION XII-SOCCSKSARGEN,2020
SULTAN KUDARAT,7,0,16/08/2020,REGION XII-SOCCSKSARGEN,2020
SULTAN KUDARAT,7,1,23/08/2020,REGION XII-SOCCSKSARGEN,2020
SULTAN KUDARAT,3,0,30/08/2020,REGION XII-SOCCSKSARGEN,2020
SULTAN KUDARAT,4,0,13/09/2020,REGION XII-SOCCSKSARGEN,2020
SULTAN KUDARAT,3,0,27/09/2020,REGION XII-SOCCSKSARGEN,2020
SULTAN KUDARAT,3,0,11/10/2020,REGION XII-SOCCSKSARGEN,2020
SULTAN KUDARAT,0,0,25/10/2020,REGION XII-SOCCSKSARGEN,2020
SULTAN KUDARAT,1,0,08/11/2020,REGION XII-SOCCSKSARGEN,2020
SULTAN KUDARAT,6,0,22/11/2020,REGION XII-SOCCSKSARGEN,2020
SULTAN KUDARAT,3,0,29/11/2020,REGION XII-SOCCSKSARGEN,2020
SULTAN KUDARAT,0,0,06/12/2020,REGION XII-SOCCSKSARGEN,2020
SULTAN KUDARAT,1,0,13/12/2020,REGION XII-SOCCSKSARGEN,2020
SULTAN KUDARAT,0,0,20/12/2020,REGION XII-SOCCSKSARGEN,2020
SULTAN KUDARAT,3,0,27/12/2020,REGION XII-SOCCSKSARGEN,2020
SULTAN KUDARAT,0,5,06/09/2020,REGION XII-SOCCSKSARGEN,2020
SULTAN KUDARAT,0,6,20/09/2020,REGION XII-SOCCSKSARGEN,2020
SULTAN KUDARAT,0,3,04/10/2020,REGION XII-SOCCSKSARGEN,2020
SULTAN KUDARAT,0,3,18/10/2020,REGION XII-SOCCSKSARGEN,2020
SULTAN KUDARAT,0,2,01/11/2020,REGION XII-SOCCSKSARGEN,2020
SULU,7,0,12/01/2020,BARMM,2020
SULU,6,0,19/01/2020,BARMM,2020
SULU,9,0,26/01/2020,BARMM,2020
SULU,2,0,02/02/2020,BARMM,2020
SULU,9,0,09/02/2020,BARMM,2020
SULU,7,0,16/02/2020,BARMM,2020
SULU,1,0,23/02/2020,BARMM,2020
SULU,5,0,01/03/2020,BARMM,2020
SULU,4,0,08/03/2020,BARMM,2020
SULU,1,0,15/03/2020,BARMM,2020
SULU,6,0,22/03/2020,BARMM,2020
SULU,0,0,29/03/2020,BARMM,2020
SULU,0,0,05/04/2020,BARMM,2020
SULU,0,0,12/04/2020,BARMM,2020
SULU,0,0,19/04/2020,BARMM,2020
SULU,0,0,26/04/2020,BARMM,2020
SULU,0,0,03/05/2020,BARMM,2020
SULU,0,0,10/05/2020,BARMM,2020
SULU,0,0,17/05/2020,BARMM,2020
SULU,0,0,24/05/2020,BARMM,2020
SULU,0,0,31/05/2020,BARMM,2020
SULU,0,0,07/06/2020,BARMM,2020
SULU,0,0,14/06/2020,BARMM,2020
SULU,0,0,21/06/2020,BARMM,2020
SULU,0,0,28/06/2020,BARMM,2020
SULU,0,0,05/07/2020,BARMM,2020
SULU,0,0,12/07/2020,BARMM,2020
SULU,1,0,19/07/2020,BARMM,2020
SULU,0,0,26/07/2020,BARMM,2020
SULU,0,0,02/08/2020,BARMM,2020
SULU,0,0,09/08/2020,BARMM,2020
SULU,1,0,16/08/2020,BARMM,2020
SULU,1,0,23/08/2020,BARMM,2020
SULU,0,0,30/08/2020,BARMM,2020
SULU,1,0,13/09/2020,BARMM,2020
SULU,0,0,27/09/2020,BARMM,2020
SULU,0,0,11/10/2020,BARMM,2020
SULU,0,0,25/10/2020,BARMM,2020
SULU,1,0,08/11/2020,BARMM,2020
SULU,0,0,22/11/2020,BARMM,2020
SULU,0,0,29/11/2020,BARMM,2020
SULU,0,0,06/12/2020,BARMM,2020
SULU,0,0,13/12/2020,BARMM,2020
SULU,0,0,20/12/2020,BARMM,2020
SULU,1,0,27/12/2020,BARMM,2020
SULU,0,1,06/09/2020,BARMM,2020
SULU,0,0,20/09/2020,BARMM,2020
SULU,0,0,04/10/2020,BARMM,2020
SULU,0,0,18/10/2020,BARMM,2020
SULU,0,0,01/11/2020,BARMM,2020
SURIGAO CITY,20,0,12/01/2020,CARAGA,2020
SURIGAO CITY,34,0,19/01/2020,CARAGA,2020
SURIGAO CITY,38,0,26/01/2020,CARAGA,2020
SURIGAO CITY,33,0,02/02/2020,CARAGA,2020
SURIGAO CITY,24,0,09/02/2020,CARAGA,2020
SURIGAO CITY,30,1,16/02/2020,CARAGA,2020
SURIGAO CITY,17,0,23/02/2020,CARAGA,2020
SURIGAO CITY,23,0,01/03/2020,CARAGA,2020
SURIGAO CITY,16,0,08/03/2020,CARAGA,2020
SURIGAO CITY,12,0,15/03/2020,CARAGA,2020
SURIGAO CITY,7,0,22/03/2020,CARAGA,2020
SURIGAO CITY,11,0,29/03/2020,CARAGA,2020
SURIGAO CITY,7,0,05/04/2020,CARAGA,2020
SURIGAO CITY,9,0,12/04/2020,CARAGA,2020
SURIGAO CITY,5,0,19/04/2020,CARAGA,2020
SURIGAO CITY,2,0,26/04/2020,CARAGA,2020
SURIGAO CITY,3,0,03/05/2020,CARAGA,2020
SURIGAO CITY,3,0,10/05/2020,CARAGA,2020
SURIGAO CITY,4,0,17/05/2020,CARAGA,2020
SURIGAO CITY,0,0,24/05/2020,CARAGA,2020
SURIGAO CITY,0,0,31/05/2020,CARAGA,2020
SURIGAO CITY,2,0,07/06/2020,CARAGA,2020
SURIGAO CITY,1,0,14/06/2020,CARAGA,2020
SURIGAO CITY,4,0,21/06/2020,CARAGA,2020
SURIGAO CITY,3,0,28/06/2020,CARAGA,2020
SURIGAO CITY,3,0,05/07/2020,CARAGA,2020
SURIGAO CITY,0,0,12/07/2020,CARAGA,2020
SURIGAO CITY,1,0,19/07/2020,CARAGA,2020
SURIGAO CITY,1,0,26/07/2020,CARAGA,2020
SURIGAO CITY,1,0,02/08/2020,CARAGA,2020
SURIGAO CITY,1,0,09/08/2020,CARAGA,2020
SURIGAO CITY,6,0,16/08/2020,CARAGA,2020
SURIGAO CITY,2,0,23/08/2020,CARAGA,2020
SURIGAO CITY,0,0,30/08/2020,CARAGA,2020
SURIGAO CITY,1,0,13/09/2020,CARAGA,2020
SURIGAO CITY,0,0,27/09/2020,CARAGA,2020
SURIGAO CITY,0,0,11/10/2020,CARAGA,2020
SURIGAO CITY,0,0,25/10/2020,CARAGA,2020
SURIGAO CITY,0,0,08/11/2020,CARAGA,2020
SURIGAO CITY,0,0,22/11/2020,CARAGA,2020
SURIGAO CITY,0,0,29/11/2020,CARAGA,2020
SURIGAO CITY,0,0,06/12/2020,CARAGA,2020
SURIGAO CITY,0,0,13/12/2020,CARAGA,2020
SURIGAO CITY,0,0,20/12/2020,CARAGA,2020
SURIGAO CITY,0,0,27/12/2020,CARAGA,2020
SURIGAO CITY,0,2,06/09/2020,CARAGA,2020
SURIGAO CITY,0,1,20/09/2020,CARAGA,2020
SURIGAO CITY,0,0,04/10/2020,CARAGA,2020
SURIGAO CITY,0,0,18/10/2020,CARAGA,2020
SURIGAO CITY,0,1,01/11/2020,CARAGA,2020
SURIGAO DEL NORTE,13,0,12/01/2020,CARAGA,2020
SURIGAO DEL NORTE,38,0,19/01/2020,CARAGA,2020
SURIGAO DEL NORTE,43,0,26/01/2020,CARAGA,2020
SURIGAO DEL NORTE,58,0,02/02/2020,CARAGA,2020
SURIGAO DEL NORTE,54,0,09/02/2020,CARAGA,2020
SURIGAO DEL NORTE,54,0,16/02/2020,CARAGA,2020
SURIGAO DEL NORTE,43,0,23/02/2020,CARAGA,2020
SURIGAO DEL NORTE,22,0,01/03/2020,CARAGA,2020
SURIGAO DEL NORTE,14,0,08/03/2020,CARAGA,2020
SURIGAO DEL NORTE,16,0,15/03/2020,CARAGA,2020
SURIGAO DEL NORTE,12,0,22/03/2020,CARAGA,2020
SURIGAO DEL NORTE,4,0,29/03/2020,CARAGA,2020
SURIGAO DEL NORTE,3,0,05/04/2020,CARAGA,2020
SURIGAO DEL NORTE,4,0,12/04/2020,CARAGA,2020
SURIGAO DEL NORTE,6,0,19/04/2020,CARAGA,2020
SURIGAO DEL NORTE,2,0,26/04/2020,CARAGA,2020
SURIGAO DEL NORTE,3,0,03/05/2020,CARAGA,2020
SURIGAO DEL NORTE,4,0,10/05/2020,CARAGA,2020
SURIGAO DEL NORTE,7,0,17/05/2020,CARAGA,2020
SURIGAO DEL NORTE,3,0,24/05/2020,CARAGA,2020
SURIGAO DEL NORTE,3,0,31/05/2020,CARAGA,2020
SURIGAO DEL NORTE,2,0,07/06/2020,CARAGA,2020
SURIGAO DEL NORTE,2,0,14/06/2020,CARAGA,2020
SURIGAO DEL NORTE,4,0,21/06/2020,CARAGA,2020
SURIGAO DEL NORTE,1,0,28/06/2020,CARAGA,2020
SURIGAO DEL NORTE,0,0,05/07/2020,CARAGA,2020
SURIGAO DEL NORTE,1,0,12/07/2020,CARAGA,2020
SURIGAO DEL NORTE,0,0,19/07/2020,CARAGA,2020
SURIGAO DEL NORTE,2,0,26/07/2020,CARAGA,2020
SURIGAO DEL NORTE,0,0,02/08/2020,CARAGA,2020
SURIGAO DEL NORTE,0,0,09/08/2020,CARAGA,2020
SURIGAO DEL NORTE,1,0,16/08/2020,CARAGA,2020
SURIGAO DEL NORTE,1,0,23/08/2020,CARAGA,2020
SURIGAO DEL NORTE,5,0,30/08/2020,CARAGA,2020
SURIGAO DEL NORTE,2,0,13/09/2020,CARAGA,2020
SURIGAO DEL NORTE,1,0,27/09/2020,CARAGA,2020
SURIGAO DEL NORTE,1,0,11/10/2020,CARAGA,2020
SURIGAO DEL NORTE,2,0,25/10/2020,CARAGA,2020
SURIGAO DEL NORTE,0,0,08/11/2020,CARAGA,2020
SURIGAO DEL NORTE,0,0,22/11/2020,CARAGA,2020
SURIGAO DEL NORTE,0,0,29/11/2020,CARAGA,2020
SURIGAO DEL NORTE,1,0,06/12/2020,CARAGA,2020
SURIGAO DEL NORTE,0,0,13/12/2020,CARAGA,2020
SURIGAO DEL NORTE,0,0,20/12/2020,CARAGA,2020
SURIGAO DEL NORTE,2,0,27/12/2020,CARAGA,2020
SURIGAO DEL NORTE,0,2,06/09/2020,CARAGA,2020
SURIGAO DEL NORTE,0,2,20/09/2020,CARAGA,2020
SURIGAO DEL NORTE,0,0,04/10/2020,CARAGA,2020
SURIGAO DEL NORTE,0,1,18/10/2020,CARAGA,2020
SURIGAO DEL NORTE,0,1,01/11/2020,CARAGA,2020
SURIGAO DEL SUR,30,0,12/01/2020,CARAGA,2020
SURIGAO DEL SUR,36,0,19/01/2020,CARAGA,2020
SURIGAO DEL SUR,9,0,26/01/2020,CARAGA,2020
SURIGAO DEL SUR,66,0,02/02/2020,CARAGA,2020
SURIGAO DEL SUR,60,0,09/02/2020,CARAGA,2020
SURIGAO DEL SUR,59,0,16/02/2020,CARAGA,2020
SURIGAO DEL SUR,50,0,23/02/2020,CARAGA,2020
SURIGAO DEL SUR,54,0,01/03/2020,CARAGA,2020
SURIGAO DEL SUR,44,0,08/03/2020,CARAGA,2020
SURIGAO DEL SUR,31,0,15/03/2020,CARAGA,2020
SURIGAO DEL SUR,30,0,22/03/2020,CARAGA,2020
SURIGAO DEL SUR,6,0,29/03/2020,CARAGA,2020
SURIGAO DEL SUR,22,0,05/04/2020,CARAGA,2020
SURIGAO DEL SUR,14,0,12/04/2020,CARAGA,2020
SURIGAO DEL SUR,16,0,19/04/2020,CARAGA,2020
SURIGAO DEL SUR,10,0,26/04/2020,CARAGA,2020
SURIGAO DEL SUR,6,0,03/05/2020,CARAGA,2020
SURIGAO DEL SUR,11,0,10/05/2020,CARAGA,2020
SURIGAO DEL SUR,22,0,17/05/2020,CARAGA,2020
SURIGAO DEL SUR,17,0,24/05/2020,CARAGA,2020
SURIGAO DEL SUR,22,0,31/05/2020,CARAGA,2020
SURIGAO DEL SUR,11,0,07/06/2020,CARAGA,2020
SURIGAO DEL SUR,15,0,14/06/2020,CARAGA,2020
SURIGAO DEL SUR,12,0,21/06/2020,CARAGA,2020
SURIGAO DEL SUR,7,0,28/06/2020,CARAGA,2020
SURIGAO DEL SUR,9,0,05/07/2020,CARAGA,2020
SURIGAO DEL SUR,2,0,12/07/2020,CARAGA,2020
SURIGAO DEL SUR,5,0,19/07/2020,CARAGA,2020
SURIGAO DEL SUR,8,0,26/07/2020,CARAGA,2020
SURIGAO DEL SUR,9,0,02/08/2020,CARAGA,2020
SURIGAO DEL SUR,5,0,09/08/2020,CARAGA,2020
SURIGAO DEL SUR,9,0,16/08/2020,CARAGA,2020
SURIGAO DEL SUR,7,0,23/08/2020,CARAGA,2020
SURIGAO DEL SUR,11,0,30/08/2020,CARAGA,2020
SURIGAO DEL SUR,5,0,13/09/2020,CARAGA,2020
SURIGAO DEL SUR,0,0,27/09/2020,CARAGA,2020
SURIGAO DEL SUR,1,0,11/10/2020,CARAGA,2020
SURIGAO DEL SUR,0,0,25/10/2020,CARAGA,2020
SURIGAO DEL SUR,0,0,08/11/2020,CARAGA,2020
SURIGAO DEL SUR,1,0,22/11/2020,CARAGA,2020
SURIGAO DEL SUR,1,0,29/11/2020,CARAGA,2020
SURIGAO DEL SUR,0,0,06/12/2020,CARAGA,2020
SURIGAO DEL SUR,0,0,13/12/2020,CARAGA,2020
SURIGAO DEL SUR,2,0,20/12/2020,CARAGA,2020
SURIGAO DEL SUR,1,0,27/12/2020,CARAGA,2020
SURIGAO DEL SUR,0,2,06/09/2020,CARAGA,2020
SURIGAO DEL SUR,0,2,20/09/2020,CARAGA,2020
SURIGAO DEL SUR,0,0,04/10/2020,CARAGA,2020
SURIGAO DEL SUR,0,1,18/10/2020,CARAGA,2020
SURIGAO DEL SUR,0,0,01/11/2020,CARAGA,2020
TAGUIG CITY,37,0,12/01/2020,NATIONAL CAPITAL REGION,2020
TAGUIG CITY,60,0,19/01/2020,NATIONAL CAPITAL REGION,2020
TAGUIG CITY,49,0,26/01/2020,NATIONAL CAPITAL REGION,2020
TAGUIG CITY,59,0,02/02/2020,NATIONAL CAPITAL REGION,2020
TAGUIG CITY,43,1,09/02/2020,NATIONAL CAPITAL REGION,2020
TAGUIG CITY,52,0,16/02/2020,NATIONAL CAPITAL REGION,2020
TAGUIG CITY,40,1,23/02/2020,NATIONAL CAPITAL REGION,2020
TAGUIG CITY,26,0,01/03/2020,NATIONAL CAPITAL REGION,2020
TAGUIG CITY,23,0,08/03/2020,NATIONAL CAPITAL REGION,2020
TAGUIG CITY,10,0,15/03/2020,NATIONAL CAPITAL REGION,2020
TAGUIG CITY,11,0,22/03/2020,NATIONAL CAPITAL REGION,2020
TAGUIG CITY,4,0,29/03/2020,NATIONAL CAPITAL REGION,2020
TAGUIG CITY,3,0,05/04/2020,NATIONAL CAPITAL REGION,2020
TAGUIG CITY,0,0,12/04/2020,NATIONAL CAPITAL REGION,2020
TAGUIG CITY,0,0,19/04/2020,NATIONAL CAPITAL REGION,2020
TAGUIG CITY,0,0,26/04/2020,NATIONAL CAPITAL REGION,2020
TAGUIG CITY,0,0,03/05/2020,NATIONAL CAPITAL REGION,2020
TAGUIG CITY,0,0,10/05/2020,NATIONAL CAPITAL REGION,2020
TAGUIG CITY,0,0,17/05/2020,NATIONAL CAPITAL REGION,2020
TAGUIG CITY,0,0,24/05/2020,NATIONAL CAPITAL REGION,2020
TAGUIG CITY,1,0,31/05/2020,NATIONAL CAPITAL REGION,2020
TAGUIG CITY,1,0,07/06/2020,NATIONAL CAPITAL REGION,2020
TAGUIG CITY,0,0,14/06/2020,NATIONAL CAPITAL REGION,2020
TAGUIG CITY,1,0,21/06/2020,NATIONAL CAPITAL REGION,2020
TAGUIG CITY,1,0,28/06/2020,NATIONAL CAPITAL REGION,2020
TAGUIG CITY,0,0,05/07/2020,NATIONAL CAPITAL REGION,2020
TAGUIG CITY,1,0,12/07/2020,NATIONAL CAPITAL REGION,2020
TAGUIG CITY,1,0,19/07/2020,NATIONAL CAPITAL REGION,2020
TAGUIG CITY,3,0,26/07/2020,NATIONAL CAPITAL REGION,2020
TAGUIG CITY,0,0,02/08/2020,NATIONAL CAPITAL REGION,2020
TAGUIG CITY,2,0,09/08/2020,NATIONAL CAPITAL REGION,2020
TAGUIG CITY,2,0,16/08/2020,NATIONAL CAPITAL REGION,2020
TAGUIG CITY,10,0,23/08/2020,NATIONAL CAPITAL REGION,2020
TAGUIG CITY,4,0,30/08/2020,NATIONAL CAPITAL REGION,2020
TAGUIG CITY,7,0,13/09/2020,NATIONAL CAPITAL REGION,2020
TAGUIG CITY,1,0,27/09/2020,NATIONAL CAPITAL REGION,2020
TAGUIG CITY,10,0,11/10/2020,NATIONAL CAPITAL REGION,2020
TAGUIG CITY,7,0,25/10/2020,NATIONAL CAPITAL REGION,2020
TAGUIG CITY,10,0,08/11/2020,NATIONAL CAPITAL REGION,2020
TAGUIG CITY,15,0,22/11/2020,NATIONAL CAPITAL REGION,2020
TAGUIG CITY,24,0,29/11/2020,NATIONAL CAPITAL REGION,2020
TAGUIG CITY,43,0,06/12/2020,NATIONAL CAPITAL REGION,2020
TAGUIG CITY,19,0,13/12/2020,NATIONAL CAPITAL REGION,2020
TAGUIG CITY,17,0,20/12/2020,NATIONAL CAPITAL REGION,2020
TAGUIG CITY,10,0,27/12/2020,NATIONAL CAPITAL REGION,2020
TAGUIG CITY,0,9,06/09/2020,NATIONAL CAPITAL REGION,2020
TAGUIG CITY,0,8,20/09/2020,NATIONAL CAPITAL REGION,2020
TAGUIG CITY,0,2,04/10/2020,NATIONAL CAPITAL REGION,2020
TAGUIG CITY,0,12,18/10/2020,NATIONAL CAPITAL REGION,2020
TAGUIG CITY,0,10,01/11/2020,NATIONAL CAPITAL REGION,2020
TANDAG CITY,8,0,12/01/2020,CARAGA,2020
TANDAG CITY,4,0,19/01/2020,CARAGA,2020
TANDAG CITY,23,0,26/01/2020,CARAGA,2020
TANDAG CITY,14,0,02/02/2020,CARAGA,2020
TANDAG CITY,7,0,09/02/2020,CARAGA,2020
TANDAG CITY,14,0,16/02/2020,CARAGA,2020
TANDAG CITY,15,0,23/02/2020,CARAGA,2020
TANDAG CITY,6,0,01/03/2020,CARAGA,2020
TANDAG CITY,12,0,08/03/2020,CARAGA,2020
TANDAG CITY,8,0,15/03/2020,CARAGA,2020
TANDAG CITY,10,0,22/03/2020,CARAGA,2020
TANDAG CITY,5,0,29/03/2020,CARAGA,2020
TANDAG CITY,6,1,05/04/2020,CARAGA,2020
TANDAG CITY,11,1,12/04/2020,CARAGA,2020
TANDAG CITY,3,0,19/04/2020,CARAGA,2020
TANDAG CITY,1,0,26/04/2020,CARAGA,2020
TANDAG CITY,3,0,03/05/2020,CARAGA,2020
TANDAG CITY,0,0,10/05/2020,CARAGA,2020
TANDAG CITY,0,0,17/05/2020,CARAGA,2020
TANDAG CITY,2,0,24/05/2020,CARAGA,2020
TANDAG CITY,0,0,31/05/2020,CARAGA,2020
TANDAG CITY,0,0,07/06/2020,CARAGA,2020
TANDAG CITY,2,0,14/06/2020,CARAGA,2020
TANDAG CITY,1,0,21/06/2020,CARAGA,2020
TANDAG CITY,0,0,28/06/2020,CARAGA,2020
TANDAG CITY,1,0,05/07/2020,CARAGA,2020
TANDAG CITY,0,0,12/07/2020,CARAGA,2020
TANDAG CITY,1,0,19/07/2020,CARAGA,2020
TANDAG CITY,1,0,26/07/2020,CARAGA,2020
TANDAG CITY,1,0,02/08/2020,CARAGA,2020
TANDAG CITY,3,0,09/08/2020,CARAGA,2020
TANDAG CITY,1,0,16/08/2020,CARAGA,2020
TANDAG CITY,1,0,23/08/2020,CARAGA,2020
TANDAG CITY,0,0,30/08/2020,CARAGA,2020
TANDAG CITY,1,0,13/09/2020,CARAGA,2020
TANDAG CITY,0,0,27/09/2020,CARAGA,2020
TANDAG CITY,0,0,11/10/2020,CARAGA,2020
TANDAG CITY,0,0,25/10/2020,CARAGA,2020
TANDAG CITY,0,0,08/11/2020,CARAGA,2020
TANDAG CITY,0,0,22/11/2020,CARAGA,2020
TANDAG CITY,0,0,29/11/2020,CARAGA,2020
TANDAG CITY,0,0,06/12/2020,CARAGA,2020
TANDAG CITY,1,0,13/12/2020,CARAGA,2020
TANDAG CITY,2,0,20/12/2020,CARAGA,2020
TANDAG CITY,3,0,27/12/2020,CARAGA,2020
TANDAG CITY,0,2,06/09/2020,CARAGA,2020
TANDAG CITY,0,0,20/09/2020,CARAGA,2020
TANDAG CITY,0,0,04/10/2020,CARAGA,2020
TANDAG CITY,0,0,18/10/2020,CARAGA,2020
TANDAG CITY,0,0,01/11/2020,CARAGA,2020
TAWI-TAWI,1,0,12/01/2020,BARMM,2020
TAWI-TAWI,0,0,19/01/2020,BARMM,2020
TAWI-TAWI,1,0,26/01/2020,BARMM,2020
TAWI-TAWI,2,0,02/02/2020,BARMM,2020
TAWI-TAWI,4,0,09/02/2020,BARMM,2020
TAWI-TAWI,6,0,16/02/2020,BARMM,2020
TAWI-TAWI,2,0,23/02/2020,BARMM,2020
TAWI-TAWI,7,0,01/03/2020,BARMM,2020
TAWI-TAWI,3,0,08/03/2020,BARMM,2020
TAWI-TAWI,7,0,15/03/2020,BARMM,2020
TAWI-TAWI,3,0,22/03/2020,BARMM,2020
TAWI-TAWI,4,0,29/03/2020,BARMM,2020
TAWI-TAWI,0,0,05/04/2020,BARMM,2020
TAWI-TAWI,0,0,12/04/2020,BARMM,2020
TAWI-TAWI,0,0,19/04/2020,BARMM,2020
TAWI-TAWI,1,0,26/04/2020,BARMM,2020
TAWI-TAWI,0,0,03/05/2020,BARMM,2020
TAWI-TAWI,0,0,10/05/2020,BARMM,2020
TAWI-TAWI,0,0,17/05/2020,BARMM,2020
TAWI-TAWI,0,0,24/05/2020,BARMM,2020
TAWI-TAWI,0,0,31/05/2020,BARMM,2020
TAWI-TAWI,0,0,07/06/2020,BARMM,2020
TAWI-TAWI,1,0,14/06/2020,BARMM,2020
TAWI-TAWI,0,0,21/06/2020,BARMM,2020
TAWI-TAWI,1,0,28/06/2020,BARMM,2020
TAWI-TAWI,0,0,05/07/2020,BARMM,2020
TAWI-TAWI,2,0,12/07/2020,BARMM,2020
TAWI-TAWI,0,0,19/07/2020,BARMM,2020
TAWI-TAWI,1,0,26/07/2020,BARMM,2020
TAWI-TAWI,0,0,02/08/2020,BARMM,2020
TAWI-TAWI,0,0,09/08/2020,BARMM,2020
TAWI-TAWI,0,0,16/08/2020,BARMM,2020
TAWI-TAWI,0,0,23/08/2020,BARMM,2020
TAWI-TAWI,0,0,30/08/2020,BARMM,2020
TAWI-TAWI,0,0,13/09/2020,BARMM,2020
TAWI-TAWI,0,0,27/09/2020,BARMM,2020
TAWI-TAWI,0,0,11/10/2020,BARMM,2020
TAWI-TAWI,0,0,25/10/2020,BARMM,2020
TAWI-TAWI,0,0,08/11/2020,BARMM,2020
TAWI-TAWI,0,0,22/11/2020,BARMM,2020
TAWI-TAWI,0,0,29/11/2020,BARMM,2020
TAWI-TAWI,0,0,06/12/2020,BARMM,2020
TAWI-TAWI,1,0,13/12/2020,BARMM,2020
TAWI-TAWI,0,0,20/12/2020,BARMM,2020
TAWI-TAWI,2,0,27/12/2020,BARMM,2020
TAWI-TAWI,0,0,06/09/2020,BARMM,2020
TAWI-TAWI,0,0,20/09/2020,BARMM,2020
TAWI-TAWI,0,0,04/10/2020,BARMM,2020
TAWI-TAWI,0,0,18/10/2020,BARMM,2020
TAWI-TAWI,0,0,01/11/2020,BARMM,2020
VALENZUELA CITY,24,0,12/01/2020,NATIONAL CAPITAL REGION,2020
VALENZUELA CITY,23,0,19/01/2020,NATIONAL CAPITAL REGION,2020
VALENZUELA CITY,22,0,26/01/2020,NATIONAL CAPITAL REGION,2020
VALENZUELA CITY,32,0,02/02/2020,NATIONAL CAPITAL REGION,2020
VALENZUELA CITY,23,0,09/02/2020,NATIONAL CAPITAL REGION,2020
VALENZUELA CITY,20,0,16/02/2020,NATIONAL CAPITAL REGION,2020
VALENZUELA CITY,10,0,23/02/2020,NATIONAL CAPITAL REGION,2020
VALENZUELA CITY,8,0,01/03/2020,NATIONAL CAPITAL REGION,2020
VALENZUELA CITY,16,0,08/03/2020,NATIONAL CAPITAL REGION,2020
VALENZUELA CITY,16,0,15/03/2020,NATIONAL CAPITAL REGION,2020
VALENZUELA CITY,11,0,22/03/2020,NATIONAL CAPITAL REGION,2020
VALENZUELA CITY,5,0,29/03/2020,NATIONAL CAPITAL REGION,2020
VALENZUELA CITY,4,0,05/04/2020,NATIONAL CAPITAL REGION,2020
VALENZUELA CITY,4,0,12/04/2020,NATIONAL CAPITAL REGION,2020
VALENZUELA CITY,1,0,19/04/2020,NATIONAL CAPITAL REGION,2020
VALENZUELA CITY,1,0,26/04/2020,NATIONAL CAPITAL REGION,2020
VALENZUELA CITY,2,0,03/05/2020,NATIONAL CAPITAL REGION,2020
VALENZUELA CITY,1,0,10/05/2020,NATIONAL CAPITAL REGION,2020
VALENZUELA CITY,3,0,17/05/2020,NATIONAL CAPITAL REGION,2020
VALENZUELA CITY,3,0,24/05/2020,NATIONAL CAPITAL REGION,2020
VALENZUELA CITY,1,0,31/05/2020,NATIONAL CAPITAL REGION,2020
VALENZUELA CITY,1,0,07/06/2020,NATIONAL CAPITAL REGION,2020
VALENZUELA CITY,2,0,14/06/2020,NATIONAL CAPITAL REGION,2020
VALENZUELA CITY,2,0,21/06/2020,NATIONAL CAPITAL REGION,2020
VALENZUELA CITY,4,0,28/06/2020,NATIONAL CAPITAL REGION,2020
VALENZUELA CITY,5,0,05/07/2020,NATIONAL CAPITAL REGION,2020
VALENZUELA CITY,4,0,12/07/2020,NATIONAL CAPITAL REGION,2020
VALENZUELA CITY,4,0,19/07/2020,NATIONAL CAPITAL REGION,2020
VALENZUELA CITY,6,0,26/07/2020,NATIONAL CAPITAL REGION,2020
VALENZUELA CITY,3,0,02/08/2020,NATIONAL CAPITAL REGION,2020
VALENZUELA CITY,5,0,09/08/2020,NATIONAL CAPITAL REGION,2020
VALENZUELA CITY,8,0,16/08/2020,NATIONAL CAPITAL REGION,2020
VALENZUELA CITY,6,0,23/08/2020,NATIONAL CAPITAL REGION,2020
VALENZUELA CITY,3,0,30/08/2020,NATIONAL CAPITAL REGION,2020
VALENZUELA CITY,9,0,13/09/2020,NATIONAL CAPITAL REGION,2020
VALENZUELA CITY,10,0,27/09/2020,NATIONAL CAPITAL REGION,2020
VALENZUELA CITY,6,0,11/10/2020,NATIONAL CAPITAL REGION,2020
VALENZUELA CITY,12,0,25/10/2020,NATIONAL CAPITAL REGION,2020
VALENZUELA CITY,11,0,08/11/2020,NATIONAL CAPITAL REGION,2020
VALENZUELA CITY,17,0,22/11/2020,NATIONAL CAPITAL REGION,2020
VALENZUELA CITY,18,0,29/11/2020,NATIONAL CAPITAL REGION,2020
VALENZUELA CITY,26,0,06/12/2020,NATIONAL CAPITAL REGION,2020
VALENZUELA CITY,11,0,13/12/2020,NATIONAL CAPITAL REGION,2020
VALENZUELA CITY,2,0,20/12/2020,NATIONAL CAPITAL REGION,2020
VALENZUELA CITY,5,0,27/12/2020,NATIONAL CAPITAL REGION,2020
VALENZUELA CITY,0,12,06/09/2020,NATIONAL CAPITAL REGION,2020
VALENZUELA CITY,0,8,20/09/2020,NATIONAL CAPITAL REGION,2020
VALENZUELA CITY,0,15,04/10/2020,NATIONAL CAPITAL REGION,2020
VALENZUELA CITY,0,11,18/10/2020,NATIONAL CAPITAL REGION,2020
VALENZUELA CITY,0,19,01/11/2020,NATIONAL CAPITAL REGION,2020
